323
0.0 0.0
1.26 0.0
1.32 0.0
1.36 0.0
1.37 0.0
1.38 0.0
1.39 1e-06
1.4 1e-06
1.41 1e-06
1.43 1e-06
1.44 2e-06
1.45 3e-06
1.46 4e-06
1.47 5e-06
1.48 6e-06
1.49 8e-06
1.5 1e-05
1.51 1.2e-05
1.52 1.5e-05
1.53 1.8e-05
1.54 2.3e-05
1.55 2.8e-05
1.56 3.3e-05
1.57 3.9e-05
1.58 4.9e-05
1.59 5.9e-05
1.6 6.9e-05
1.61 8.3e-05
1.62 9.8e-05
1.63 0.00011
1.64 0.000131
1.65 0.000151
1.66 0.000177
1.67 0.000206
1.68 0.000239
1.69 0.000279
1.7 0.00032
1.71 0.000376
1.72 0.000424
1.73 0.000486
1.74 0.000547
1.75 0.000631
1.76 0.000703
1.77 0.000801
1.78 0.000911
1.79 0.001029
1.8 0.001168
1.81 0.00133
1.82 0.001499
1.83 0.001672
1.84 0.001864
1.85 0.00207
1.86 0.002299
1.87 0.002579
1.88 0.002854
1.89 0.003179
1.9 0.003545
1.91 0.003922
1.92 0.004337
1.93 0.004847
1.94 0.005421
1.95 0.006039
1.96 0.00674
1.97 0.007502
1.98 0.008438
1.99 0.009516
2.0 0.010791
2.01 0.012163
2.02 0.01389
2.03 0.015851
2.04 0.017989
2.05 0.020525
2.06 0.023383
2.07 0.026607
2.08 0.030115
2.09 0.033883
2.1 0.037938
2.11 0.042273
2.12 0.046904
2.13 0.051883
2.14 0.057096
2.15 0.062529
2.16 0.068326
2.17 0.074132
2.18 0.080307
2.19 0.086697
2.2 0.093295
2.21 0.100107
2.22 0.107023
2.23 0.114135
2.24 0.12134
2.25 0.128669
2.26 0.136186
2.27 0.143804
2.28 0.151579
2.29 0.159538
2.3 0.167524
2.31 0.17544
2.32 0.183492
2.33 0.191695
2.34 0.199999
2.35 0.208364
2.36 0.216819
2.37 0.225299
2.38 0.23375
2.39 0.242108
2.4 0.250458
2.41 0.258863
2.42 0.267308
2.43 0.275668
2.44 0.283982
2.45 0.292114
2.46 0.300212
2.47 0.308335
2.48 0.316513
2.49 0.324618
2.5 0.332601
2.51 0.340565
2.52 0.348471
2.53 0.356276
2.54 0.364099
2.55 0.371764
2.56 0.379516
2.57 0.387037
2.58 0.39467
2.59 0.402203
2.6 0.409738
2.61 0.417293
2.62 0.424907
2.63 0.432337
2.64 0.439771
2.65 0.447343
2.66 0.454748
2.67 0.462052
2.68 0.469395
2.69 0.476684
2.7 0.484049
2.71 0.491305
2.72 0.49863
2.73 0.505955
2.74 0.513134
2.75 0.520363
2.76 0.527557
2.77 0.53482
2.78 0.542077
2.79 0.549326
2.8 0.556499
2.81 0.563766
2.82 0.57091
2.83 0.578077
2.84 0.585125
2.85 0.592243
2.86 0.599326
2.87 0.606403
2.88 0.613547
2.89 0.620622
2.9 0.627703
2.91 0.634753
2.92 0.641706
2.93 0.648684
2.94 0.655579
2.95 0.662554
2.96 0.669396
2.97 0.676152
2.98 0.683087
2.99 0.689807
3.0 0.696573
3.01 0.703313
3.02 0.709978
3.03 0.716592
3.04 0.723244
3.05 0.729751
3.06 0.7362
3.07 0.742658
3.08 0.749108
3.09 0.755507
3.1 0.761879
3.11 0.768246
3.12 0.774426
3.13 0.780656
3.14 0.78674
3.15 0.792759
3.16 0.79882
3.17 0.804718
3.18 0.810507
3.19 0.816307
3.2 0.822007
3.21 0.827592
3.22 0.833151
3.23 0.838551
3.24 0.844091
3.25 0.849399
3.26 0.854608
3.27 0.859752
3.28 0.86482
3.29 0.869933
3.3 0.874904
3.31 0.879728
3.32 0.884442
3.33 0.889087
3.34 0.893642
3.35 0.898184
3.36 0.902667
3.37 0.906947
3.38 0.911163
3.39 0.915168
3.4 0.919091
3.41 0.922984
3.42 0.926789
3.43 0.930455
3.44 0.934033
3.45 0.937447
3.46 0.940669
3.47 0.943788
3.48 0.946797
3.49 0.949793
3.5 0.952592
3.51 0.955267
3.52 0.957807
3.53 0.960288
3.54 0.962498
3.55 0.964638
3.56 0.966707
3.57 0.968654
3.58 0.970595
3.59 0.972346
3.6 0.974068
3.61 0.975647
3.62 0.977061
3.63 0.978465
3.64 0.979783
3.65 0.98102
3.66 0.982233
3.67 0.983327
3.68 0.984369
3.69 0.985366
3.7 0.986235
3.71 0.98711
3.72 0.987956
3.73 0.988761
3.74 0.989506
3.75 0.990157
3.76 0.990744
3.77 0.991337
3.78 0.991922
3.79 0.992428
3.8 0.992907
3.81 0.993368
3.82 0.9938
3.83 0.994171
3.84 0.994544
3.85 0.994908
3.86 0.995225
3.87 0.995521
3.88 0.995808
3.89 0.996063
3.9 0.99632
3.91 0.996543
3.92 0.996767
3.93 0.996988
3.94 0.997195
3.95 0.997368
3.96 0.997549
3.97 0.997709
3.98 0.997846
3.99 0.99801
4.0 0.998159
4.01 0.998289
4.02 0.998426
4.03 0.99854
4.04 0.998659
4.05 0.998758
4.06 0.998879
4.07 0.998943
4.08 0.999022
4.09 0.999081
4.1 0.999152
4.11 0.999214
4.12 0.999288
4.13 0.999332
4.14 0.999402
4.15 0.999454
4.16 0.999498
4.17 0.999541
4.18 0.999588
4.19 0.999624
4.2 0.999659
4.21 0.999687
4.22 0.999719
4.23 0.999749
4.24 0.99978
4.25 0.999806
4.26 0.999834
4.27 0.999849
4.28 0.999861
4.29 0.999878
4.3 0.999893
4.31 0.999901
4.32 0.999911
4.33 0.999927
4.34 0.99993
4.35 0.999936
4.36 0.999942
4.37 0.999942
4.38 0.999952
4.39 0.999958
4.4 0.999962
4.41 0.999964
4.43 0.999969
4.44 0.999973
4.45 0.999978
4.46 0.99998
4.47 0.999981
4.48 0.999981
4.49 0.999982
4.5 0.999984
4.51 0.999988
4.53 0.999989
4.54 0.999994
4.55 0.999996
4.58 0.999999
4.61 1.0
4.63 1.0
