228
0.0 0.0
1.67 2e-06
1.72 7e-06
1.75 8e-06
1.76 1.3e-05
1.77 1.3e-05
1.78 2.8e-05
1.79 3.6e-05
1.8 4.4e-05
1.81 4.8e-05
1.82 7.3e-05
1.83 0.000121
1.84 0.00017
1.85 0.000221
1.86 0.00032
1.87 0.000406
1.88 0.000503
1.89 0.000647
1.9 0.000847
1.91 0.001092
1.92 0.001402
1.93 0.001748
1.94 0.002156
1.95 0.002744
1.96 0.003431
1.97 0.004179
1.98 0.00505
1.99 0.006099
2.0 0.007314
2.01 0.008648
2.02 0.010169
2.03 0.011988
2.04 0.013954
2.05 0.016206
2.06 0.018641
2.07 0.021166
2.08 0.024192
2.09 0.027354
2.1 0.031008
2.11 0.03512
2.12 0.039343
2.13 0.04405
2.14 0.048887
2.15 0.054274
2.16 0.059818
2.17 0.065476
2.18 0.071565
2.19 0.077847
2.2 0.084495
2.21 0.091421
2.22 0.098708
2.23 0.105897
2.24 0.113549
2.25 0.121468
2.26 0.129515
2.27 0.137803
2.28 0.146294
2.29 0.155152
2.3 0.164332
2.31 0.173385
2.32 0.182875
2.33 0.192314
2.34 0.201828
2.35 0.211861
2.36 0.221687
2.37 0.23153
2.38 0.241588
2.39 0.251417
2.4 0.261522
2.41 0.271371
2.42 0.281374
2.43 0.291459
2.44 0.301439
2.45 0.3112
2.46 0.321055
2.47 0.330619
2.48 0.340119
2.49 0.349699
2.5 0.359019
2.51 0.368208
2.52 0.377379
2.53 0.386399
2.54 0.39522
2.55 0.404093
2.56 0.412937
2.57 0.421606
2.58 0.430125
2.59 0.438466
2.6 0.446811
2.61 0.455192
2.62 0.463322
2.63 0.471571
2.64 0.479696
2.65 0.487817
2.66 0.495692
2.67 0.503511
2.68 0.51121
2.69 0.518798
2.7 0.526353
2.71 0.533963
2.72 0.541434
2.73 0.548879
2.74 0.55624
2.75 0.563529
2.76 0.570802
2.77 0.57812
2.78 0.585367
2.79 0.592696
2.8 0.599911
2.81 0.607018
2.82 0.614172
2.83 0.621165
2.84 0.628364
2.85 0.635303
2.86 0.64236
2.87 0.649312
2.88 0.656105
2.89 0.66304
2.9 0.669732
2.91 0.676506
2.92 0.683138
2.93 0.690001
2.94 0.696781
2.95 0.70331
2.96 0.709967
2.97 0.716322
2.98 0.722817
2.99 0.729281
3.0 0.735737
3.01 0.742223
3.02 0.74861
3.03 0.75509
3.04 0.761342
3.05 0.767408
3.06 0.77339
3.07 0.779444
3.08 0.78537
3.09 0.791375
3.1 0.797075
3.11 0.802779
3.12 0.808578
3.13 0.814258
3.14 0.819718
3.15 0.825537
3.16 0.831106
3.17 0.836613
3.18 0.842076
3.19 0.84737
3.2 0.852617
3.21 0.857771
3.22 0.862984
3.23 0.868152
3.24 0.873007
3.25 0.878011
3.26 0.882737
3.27 0.887494
3.28 0.892003
3.29 0.896609
3.3 0.901142
3.31 0.90555
3.32 0.909886
3.33 0.914047
3.34 0.918171
3.35 0.922233
3.36 0.926249
3.37 0.930222
3.38 0.934045
3.39 0.937676
3.4 0.941089
3.41 0.94453
3.42 0.947827
3.43 0.951055
3.44 0.954262
3.45 0.957207
3.46 0.960058
3.47 0.962821
3.48 0.965461
3.49 0.968065
3.5 0.970538
3.51 0.972782
3.52 0.975006
3.53 0.977155
3.54 0.979061
3.55 0.980893
3.56 0.982683
3.57 0.984359
3.58 0.98584
3.59 0.987124
3.6 0.988411
3.61 0.989601
3.62 0.990527
3.63 0.991475
3.64 0.99239
3.65 0.993315
3.66 0.994151
3.67 0.994837
3.68 0.995428
3.69 0.995907
3.7 0.996404
3.71 0.99687
3.72 0.997255
3.73 0.997667
3.74 0.997994
3.75 0.998305
3.76 0.998566
3.77 0.998806
3.78 0.998971
3.79 0.999136
3.8 0.999275
3.81 0.999413
3.82 0.99956
3.83 0.999652
3.84 0.999707
3.85 0.999768
3.86 0.999799
3.87 0.999827
3.88 0.99987
3.89 0.999908
3.9 0.999918
3.91 0.999923
3.92 0.999935
3.94 0.999961
3.95 0.999966
3.96 0.999973
3.97 0.999984
3.99 0.999989
4.01 0.999995
4.02 1.0
