34
0.0 0.0
0.001 0.0
0.0977419 0.10396323099787164
0.194484 0.14359675346241355
0.291226 0.17571783980746924
0.387968 0.20320161152293117
0.48471 0.22815403926889602
0.581452 0.25274667230198544
0.678194 0.2781939065349552
0.774935 0.3032805910069459
0.871677 0.3274167604911379
0.968419 0.34992964415910616
1.06516 0.3702706309307029
1.1619 0.3933446810136248
1.25865 0.41823114589703037
1.35539 0.45255913169137885
1.45213 0.4810852951168378
1.54887 0.5002013693782261
1.64561 0.5239735188141164
1.74235 0.5428645011742789
1.8391 0.5582304632535159
1.93584 0.5968471362868216
2.03258 0.6683969199025819
2.12932 0.7661442844321071
2.22606 0.8646054678270401
2.32281 0.9377232860493462
2.41955 0.9777676089020058
2.51629 0.9939363816161914
2.61303 0.9987500527972109
2.70977 0.9998067219938839
2.80652 0.9999776965373697
2.90326 0.9999981022523073
3.0 0.9999998977735589
3.1 1.0
