333
0.0 0.0
1.26 0.0
1.3 0.0
1.35 0.0
1.36 0.0
1.37 0.0
1.38 0.0
1.39 0.0
1.4 0.0
1.41 0.0
1.42 0.0
1.43 0.0
1.44 0.0
1.45 0.0
1.46 0.0
1.47 0.0
1.48 0.0
1.49 0.0
1.5 0.0
1.51 0.0
1.52 0.0
1.53 0.0
1.54 0.0
1.55 0.0
1.56 0.0
1.57 0.0
1.58 0.0
1.59 1e-06
1.6 1e-06
1.61 1e-06
1.62 1e-06
1.63 1e-06
1.64 1e-06
1.65 2e-06
1.66 3e-06
1.67 3e-06
1.68 4e-06
1.69 4e-06
1.7 5e-06
1.71 6e-06
1.72 7e-06
1.73 8e-06
1.74 1e-05
1.75 1.3e-05
1.76 1.7e-05
1.77 2.2e-05
1.78 3.1e-05
1.79 4.2e-05
1.8 5.4e-05
1.81 6.9e-05
1.82 8.5e-05
1.83 0.000115
1.84 0.000142
1.85 0.000173
1.86 0.000211
1.87 0.00026
1.88 0.000323
1.89 0.000389
1.9 0.000472
1.91 0.000569
1.92 0.000681
1.93 0.000828
1.94 0.000972
1.95 0.001155
1.96 0.001361
1.97 0.001585
1.98 0.001842
1.99 0.002151
2.0 0.002489
2.01 0.002867
2.02 0.003303
2.03 0.00379
2.04 0.00432
2.05 0.004932
2.06 0.005614
2.07 0.006366
2.08 0.007214
2.09 0.008149
2.1 0.009176
2.11 0.010317
2.12 0.011592
2.13 0.013111
2.14 0.014787
2.15 0.016683
2.16 0.018795
2.17 0.021153
2.18 0.02381
2.19 0.026826
2.2 0.030276
2.21 0.034155
2.22 0.038516
2.23 0.043465
2.24 0.048978
2.25 0.05522
2.26 0.062202
2.27 0.069866
2.28 0.078652
2.29 0.088244
2.3 0.098708
2.31 0.110112
2.32 0.12257
2.33 0.135682
2.34 0.150041
2.35 0.165573
2.36 0.182121
2.37 0.199371
2.38 0.217584
2.39 0.23659
2.4 0.25618
2.41 0.276526
2.42 0.296971
2.43 0.317939
2.44 0.339011
2.45 0.360139
2.46 0.3816
2.47 0.4029
2.48 0.42381
2.49 0.444667
2.5 0.465571
2.51 0.48664
2.52 0.507458
2.53 0.528115
2.54 0.548868
2.55 0.569521
2.56 0.589962
2.57 0.609967
2.58 0.629867
2.59 0.649272
2.6 0.668215
2.61 0.686499
2.62 0.703949
2.63 0.720773
2.64 0.736991
2.65 0.752246
2.66 0.76661
2.67 0.780187
2.68 0.792939
2.69 0.805109
2.7 0.816087
2.71 0.826423
2.72 0.835873
2.73 0.844568
2.74 0.852502
2.75 0.859824
2.76 0.866768
2.77 0.872951
2.78 0.878556
2.79 0.883699
2.8 0.888449
2.81 0.892801
2.82 0.896718
2.83 0.900414
2.84 0.90377
2.85 0.906893
2.86 0.909756
2.87 0.912412
2.88 0.914849
2.89 0.917213
2.9 0.919387
2.91 0.921475
2.92 0.923509
2.93 0.925414
2.94 0.927202
2.95 0.928958
2.96 0.930676
2.97 0.932278
2.98 0.933909
2.99 0.935512
3.0 0.93706
3.01 0.938583
3.02 0.940087
3.03 0.941554
3.04 0.94299
3.05 0.944413
3.06 0.945826
3.07 0.947208
3.08 0.948604
3.09 0.949962
3.1 0.951292
3.11 0.952615
3.12 0.9539
3.13 0.955187
3.14 0.95648
3.15 0.957724
3.16 0.958961
3.17 0.960166
3.18 0.961396
3.19 0.96258
3.2 0.963782
3.21 0.964933
3.22 0.96607
3.23 0.967198
3.24 0.968342
3.25 0.969457
3.26 0.970545
3.27 0.971632
3.28 0.9727
3.29 0.973755
3.3 0.974758
3.31 0.975743
3.32 0.976751
3.33 0.97773
3.34 0.97866
3.35 0.979593
3.36 0.980511
3.37 0.981394
3.38 0.982295
3.39 0.983192
3.4 0.984036
3.41 0.984828
3.42 0.98561
3.43 0.986361
3.44 0.987101
3.45 0.987821
3.46 0.988512
3.47 0.989173
3.48 0.989828
3.49 0.990458
3.5 0.991037
3.51 0.991664
3.52 0.99223
3.53 0.992755
3.54 0.993286
3.55 0.993777
3.56 0.994213
3.57 0.994626
3.58 0.995034
3.59 0.995421
3.6 0.995775
3.61 0.99613
3.62 0.996418
3.63 0.996724
3.64 0.996992
3.65 0.997267
3.66 0.997498
3.67 0.997732
3.68 0.997923
3.69 0.998137
3.7 0.998327
3.71 0.998499
3.72 0.99867
3.73 0.998797
3.74 0.998934
3.75 0.999054
3.76 0.999163
3.77 0.999276
3.78 0.999368
3.79 0.999445
3.8 0.99952
3.81 0.99958
3.82 0.999641
3.83 0.999688
3.84 0.999728
3.85 0.999763
3.86 0.999807
3.87 0.999836
3.88 0.999857
3.89 0.999874
3.9 0.999887
3.91 0.999908
3.92 0.999919
3.93 0.999931
3.94 0.999938
3.95 0.999948
3.96 0.999953
3.97 0.999961
3.98 0.999966
3.99 0.99997
4.0 0.999973
4.01 0.999976
4.02 0.999978
4.03 0.999979
4.04 0.999981
4.05 0.999983
4.06 0.999986
4.07 0.999986
4.08 0.999988
4.09 0.999989
4.1 0.99999
4.11 0.99999
4.12 0.999991
4.13 0.999991
4.14 0.999992
4.15 0.999992
4.16 0.999993
4.17 0.999993
4.18 0.999994
4.19 0.999995
4.2 0.999996
4.21 0.999996
4.22 0.999996
4.23 0.999997
4.24 0.999997
4.25 0.999997
4.26 0.999998
4.27 0.999998
4.28 0.999998
4.29 0.999998
4.3 0.999998
4.31 0.999998
4.32 0.999998
4.33 0.999999
4.34 0.999999
4.35 0.999999
4.36 0.999999
4.37 0.999999
4.38 0.999999
4.39 0.999999
4.4 0.999999
4.41 1.0
4.42 1.0
4.43 1.0
4.44 1.0
4.45 1.0
4.46 1.0
4.47 1.0
4.48 1.0
4.49 1.0
4.5 1.0
4.51 1.0
4.52 1.0
4.53 1.0
4.54 1.0
4.56 1.0
4.57 1.0
4.58 1.0
4.59 1.0
4.62 1.0
4.63 1.0
4.64 1.0
4.65 1.0
4.68 1.0
4.73 1.0
