323
0.0 0.0
1.26 0.0
1.32 0.0
1.36 0.0
1.37 0.0
1.38 0.0
1.39 0.0
1.4 0.0
1.41 0.0
1.43 0.0
1.44 0.0
1.45 0.0
1.46 0.0
1.47 0.0
1.48 0.0
1.49 0.0
1.5 0.0
1.51 0.0
1.52 0.0
1.53 0.0
1.54 0.0
1.55 0.0
1.56 1e-06
1.57 1e-06
1.58 1e-06
1.59 1e-06
1.6 1e-06
1.61 1e-06
1.62 2e-06
1.63 2e-06
1.64 2e-06
1.65 2e-06
1.66 3e-06
1.67 4e-06
1.68 5e-06
1.69 6e-06
1.7 6e-06
1.71 7e-06
1.72 1e-05
1.73 1.1e-05
1.74 1.2e-05
1.75 1.4e-05
1.76 1.7e-05
1.77 1.9e-05
1.78 2.8e-05
1.79 3.3e-05
1.8 3.9e-05
1.81 4.3e-05
1.82 5.7e-05
1.83 8.2e-05
1.84 0.000108
1.85 0.000134
1.86 0.000182
1.87 0.000226
1.88 0.000275
1.89 0.000345
1.9 0.000442
1.91 0.000559
1.92 0.000706
1.93 0.000871
1.94 0.001066
1.95 0.001342
1.96 0.001665
1.97 0.002017
1.98 0.002426
1.99 0.00292
2.0 0.003492
2.01 0.004119
2.02 0.004837
2.03 0.005693
2.04 0.00662
2.05 0.007685
2.06 0.008838
2.07 0.010045
2.08 0.011486
2.09 0.012991
2.1 0.014735
2.11 0.016693
2.12 0.018725
2.13 0.020986
2.14 0.02333
2.15 0.025969
2.16 0.028729
2.17 0.031615
2.18 0.03477
2.19 0.038113
2.2 0.041758
2.21 0.045687
2.22 0.050028
2.23 0.054488
2.24 0.059518
2.25 0.065095
2.26 0.07114
2.27 0.077929
2.28 0.085302
2.29 0.093678
2.3 0.102936
2.31 0.112896
2.32 0.123982
2.33 0.136026
2.34 0.149232
2.35 0.163742
2.36 0.17918
2.37 0.195885
2.38 0.213602
2.39 0.232285
2.4 0.251954
2.41 0.271981
2.42 0.292667
2.43 0.314001
2.44 0.335427
2.45 0.356872
2.46 0.37856
2.47 0.399815
2.48 0.421095
2.49 0.442322
2.5 0.463501
2.51 0.484527
2.52 0.505409
2.53 0.525959
2.54 0.54639
2.55 0.566214
2.56 0.585308
2.57 0.60359
2.58 0.621337
2.59 0.637927
2.6 0.653518
2.61 0.668389
2.62 0.682163
2.63 0.695142
2.64 0.707187
2.65 0.718239
2.66 0.728311
2.67 0.737508
2.68 0.745849
2.69 0.753465
2.7 0.76059
2.71 0.767062
2.72 0.773145
2.73 0.778744
2.74 0.78399
2.75 0.788742
2.76 0.793332
2.77 0.79772
2.78 0.801905
2.79 0.805922
2.8 0.809773
2.81 0.813452
2.82 0.817136
2.83 0.820626
2.84 0.824198
2.85 0.827596
2.86 0.830992
2.87 0.834358
2.88 0.83761
2.89 0.840922
2.9 0.844116
2.91 0.847341
2.92 0.850482
2.93 0.853724
2.94 0.856916
2.95 0.859994
2.96 0.863131
2.97 0.866129
2.98 0.869195
2.99 0.872238
3.0 0.875274
3.01 0.878326
3.02 0.88133
3.03 0.884375
3.04 0.887317
3.05 0.890172
3.06 0.892989
3.07 0.895838
3.08 0.898629
3.09 0.901455
3.1 0.904143
3.11 0.906832
3.12 0.909561
3.13 0.912237
3.14 0.914811
3.15 0.917546
3.16 0.920169
3.17 0.922762
3.18 0.925332
3.19 0.927826
3.2 0.930297
3.21 0.932724
3.22 0.935178
3.23 0.937608
3.24 0.939899
3.25 0.942253
3.26 0.94448
3.27 0.94672
3.28 0.948847
3.29 0.951018
3.3 0.953153
3.31 0.95523
3.32 0.957272
3.33 0.959234
3.34 0.961177
3.35 0.963092
3.36 0.964985
3.37 0.966856
3.38 0.968657
3.39 0.970369
3.4 0.97198
3.41 0.973602
3.42 0.975159
3.43 0.976682
3.44 0.978194
3.45 0.979584
3.46 0.980929
3.47 0.982232
3.48 0.983478
3.49 0.984707
3.5 0.985873
3.51 0.986934
3.52 0.987984
3.53 0.988998
3.54 0.989898
3.55 0.990763
3.56 0.991608
3.57 0.992399
3.58 0.993102
3.59 0.993713
3.6 0.994324
3.61 0.994889
3.62 0.995332
3.63 0.995785
3.64 0.996221
3.65 0.99666
3.66 0.997059
3.67 0.997388
3.68 0.997673
3.69 0.997906
3.7 0.998146
3.71 0.998371
3.72 0.998559
3.73 0.998759
3.74 0.99892
3.75 0.999071
3.76 0.999199
3.77 0.999318
3.78 0.999402
3.79 0.999485
3.8 0.999556
3.81 0.999626
3.82 0.999699
3.83 0.999747
3.84 0.999778
3.85 0.999812
3.86 0.999831
3.87 0.999849
3.88 0.999873
3.89 0.999894
3.9 0.999903
3.91 0.999909
3.92 0.999918
3.93 0.999921
3.94 0.999937
3.95 0.999942
3.96 0.999948
3.97 0.999956
3.98 0.999958
3.99 0.999962
4.0 0.999965
4.01 0.99997
4.02 0.999974
4.03 0.999976
4.04 0.999978
4.05 0.99998
4.06 0.999982
4.07 0.999983
4.08 0.999984
4.09 0.999985
4.1 0.999986
4.11 0.999987
4.12 0.999988
4.13 0.999989
4.14 0.99999
4.15 0.999991
4.16 0.999992
4.17 0.999993
4.18 0.999993
4.19 0.999994
4.2 0.999994
4.21 0.999995
4.22 0.999995
4.23 0.999996
4.24 0.999996
4.25 0.999997
4.26 0.999997
4.27 0.999998
4.28 0.999998
4.29 0.999998
4.3 0.999998
4.31 0.999998
4.32 0.999999
4.33 0.999999
4.34 0.999999
4.35 0.999999
4.36 0.999999
4.37 0.999999
4.38 0.999999
4.39 0.999999
4.4 0.999999
4.41 0.999999
4.43 0.999999
4.44 1.0
4.45 1.0
4.46 1.0
4.47 1.0
4.48 1.0
4.49 1.0
4.5 1.0
4.51 1.0
4.53 1.0
4.54 1.0
4.55 1.0
4.58 1.0
4.61 1.0
4.63 1.0
