133
0.0 0.0
1.89 0.0
1.91 0.0
1.92 0.0
1.93 0.0
1.94 1e-06
1.95 4e-06
1.96 6e-06
1.97 1.1e-05
1.98 1.5e-05
1.99 2.1e-05
2.0 2.9e-05
2.01 4.3e-05
2.02 6.4e-05
2.03 9e-05
2.04 0.000136
2.05 0.000191
2.06 0.000281
2.07 0.000421
2.08 0.000569
2.09 0.000779
2.1 0.001056
2.11 0.001388
2.12 0.001821
2.13 0.002436
2.14 0.003202
2.15 0.004147
2.16 0.005321
2.17 0.006743
2.18 0.008468
2.19 0.010572
2.2 0.013124
2.21 0.016114
2.22 0.019715
2.23 0.023963
2.24 0.028922
2.25 0.034752
2.26 0.041388
2.27 0.048972
2.28 0.057875
2.29 0.067769
2.3 0.078699
2.31 0.09085
2.32 0.104286
2.33 0.118516
2.34 0.134314
2.35 0.151663
2.36 0.170233
2.37 0.189782
2.38 0.210501
2.39 0.232223
2.4 0.254764
2.41 0.278323
2.42 0.301977
2.43 0.326339
2.44 0.35083
2.45 0.375414
2.46 0.400443
2.47 0.425322
2.48 0.449735
2.49 0.474053
2.5 0.498493
2.51 0.523156
2.52 0.547529
2.53 0.571698
2.54 0.595986
2.55 0.620206
2.56 0.644162
2.57 0.667594
2.58 0.690948
2.59 0.713623
2.6 0.735726
2.61 0.75704
2.62 0.777295
2.63 0.796733
2.64 0.815407
2.65 0.832824
2.66 0.849133
2.67 0.864425
2.68 0.878661
2.69 0.89214
2.7 0.904139
2.71 0.915282
2.72 0.925321
2.73 0.934387
2.74 0.942462
2.75 0.949802
2.76 0.95664
2.77 0.962479
2.78 0.967614
2.79 0.972175
2.8 0.976191
2.81 0.979762
2.82 0.982807
2.83 0.985538
2.84 0.98779
2.85 0.989782
2.86 0.991455
2.87 0.992864
2.88 0.99402
2.89 0.995074
2.9 0.995894
2.91 0.996638
2.92 0.997263
2.93 0.997761
2.94 0.998174
2.95 0.998527
2.96 0.998827
2.97 0.999
2.98 0.999186
2.99 0.999356
3.0 0.999482
3.01 0.999575
3.02 0.999695
3.03 0.999747
3.04 0.999802
3.05 0.999833
3.06 0.999876
3.07 0.999898
3.08 0.999909
3.09 0.999932
3.1 0.999944
3.11 0.999959
3.12 0.999962
3.13 0.999975
3.14 0.999976
3.15 0.999984
3.16 0.999986
3.18 0.999987
3.19 0.999987
3.2 0.999996
3.22 0.999996
3.3 1.0
