0	0
0.004999999999999999	0.0
0.015000000000000001	0.0
0.025	0.0
0.034999999999999996	0.0
0.045	0.0
0.055	0.0
0.065	0.0
0.07500000000000001	0.0
0.085	0.0
0.095	0.0
0.10500000000000001	0.0
0.115	0.0
0.125	0.0
0.13499999999999998	0.0
0.145	0.0
0.155	0.0
0.165	0.0
0.175	0.0
0.185	0.0
0.195	0.0
0.205	0.0
0.215	0.0
0.225	0.0
0.235	0.0
0.245	0.0
0.255	0.0
0.265	0.0
0.275	0.0
0.285	0.0
0.295	0.0
0.305	0.0
0.315	0.0
0.325	0.0
0.335	0.0
0.345	0.0
0.355	0.0
0.365	0.0
0.375	0.0
0.385	0.0
0.395	0.0
0.405	0.0
0.415	0.0
0.425	0.0
0.435	0.0
0.445	0.0
0.455	0.0
0.465	0.0
0.475	0.0
0.485	0.0
0.495	0.0
0.505	0.0
0.515	0.0
0.525	0.0
0.535	0.0
0.545	0.0
0.555	0.0
0.5650000000000001	0.0
0.575	0.0
0.585	0.0
0.595	0.0
0.605	0.0
0.615	0.0
0.625	0.0
0.635	0.0
0.645	0.0
0.655	0.0
0.665	0.0
0.675	0.0
0.685	0.0
0.695	0.0
0.705	0.0
0.715	0.0
0.725	0.0
0.735	0.0
0.745	0.0
0.755	0.0
0.765	0.0
0.775	0.0
0.785	0.0
0.795	0.0
0.805	0.0
0.8150000000000001	49039.85317589174
0.825	156252.46017379858
0.835	270360.1003772413
0.845	436847.8656390855
0.855	677008.0430923258
0.865	1011378.2999601486
0.875	1467127.4798088656
0.885	2071202.488073129
0.895	2855744.945335347
0.905	3846192.3269406827
0.915	5066914.810504149
0.925	6532088.111989778
0.935	8248448.823783423
0.9450000000000001	10207690.652397148
0.955	12388411.020925675
0.965	14751753.490519548
0.975	17249312.363790475
0.985	19819976.602990873
0.9950000000000001	22395269.27937717
1.0050000000000001	24906523.11667385
1.015	27287963.5893277
1.025	29481917.680377506
1.035	31442199.84125766
1.045	33138563.449110992
1.055	34554646.29198711
1.065	35688959.79701357
1.075	36552499.39017823
1.085	37167845.772510745
1.095	37562834.33337493
1.105	37770710.71551849
1.115	37824552.59066617
1.125	37755660.89262317
1.135	37592575.07177357
1.145	37359927.65724644
1.155	37077522.76469541
1.165	36762080.71417522
1.175	36375835.024854355
1.185	35992801.02624738
1.195	35664104.97244993
1.205	35290401.11639203
1.215	34920510.29747905
1.225	34554143.41279232
1.235	34188240.302459456
1.245	33825316.2831153
1.2550000000000001	33464197.7939182
1.2650000000000001	33106734.467643797
1.275	32747981.072057094
1.285	32393517.57097822
1.295	32040516.89816706
1.305	31691846.228429973
1.315	31345065.588120155
1.325	31002688.002400555
1.335	30664236.027239934
1.345	30332467.772038624
1.355	30003987.39617208
1.365	29680917.325224355
1.375	29379722.26617712
1.385	29067893.871035643
1.395	28761535.692678567
1.405	28460099.574901577
1.415	28164445.846084423
1.425	27872691.288203705
1.435	27586498.846452475
1.445	27305444.652341794
1.455	27030852.316663288
1.465	26760289.500955157
1.475	26495204.63237454
1.485	26235056.643365994
1.495	25979506.951690245
1.5050000000000001	25729732.9606704
1.5150000000000001	25484714.211911466
1.5250000000000001	25243751.256041534
1.535	25006838.563024864
1.545	24772500.947218794
1.555	24540710.208861697
1.565	24311655.697104495
1.575	24083501.993680287
1.585	23854490.377700772
1.595	23624414.979421332
1.605	23395462.188814428
1.615	23165210.271128014
1.625	22936436.540348865
1.635	22706283.562624414
1.645	22476963.05611566
1.655	22250275.121525336
1.665	22024807.87100511
1.675	21802717.796664186
1.685	21584044.79988063
1.695	21368782.254514266
1.705	21157259.612922743
1.715	20960481.14045527
1.725	20756356.525498588
1.735	20556460.886513636
1.745	20358689.724362403
1.7550000000000001	20164882.503260627
1.7650000000000001	19998576.81298974
1.7750000000000001	19809253.760888603
1.785	19621185.356017347
1.795	19433734.29972372
1.805	19248548.054405496
1.815	19064183.08236358
1.825	18880347.722898453
1.835	18697169.71616168
1.845	18515216.236732814
1.855	18333189.76039677
1.865	18152904.54794863
1.875	17973237.677955512
1.885	17793208.5512729
1.895	17614728.449222125
1.905	17435972.380897086
1.915	17258396.905696172
1.925	17081551.144833665
1.935	16905165.10914447
1.945	16729284.080054414
1.955	16555013.881289685
1.965	16382143.303826448
1.975	16210896.538808053
1.985	16042939.147103468
1.9949999999999999	15877450.220781207
2.0050000000000003	15713978.359110426
2.015	15554747.06565981
2.0250000000000004	15406553.930795018
2.035	15254990.25627558
2.0450000000000004	15106161.466290839
2.055	14960374.286587872
2.0650000000000004	14818633.811809465
2.075	14680463.715028908
2.0850000000000004	14544758.997846153
2.095	14412075.899232598
2.1050000000000004	14280663.379193237
2.115	14150598.014372777
2.1250000000000004	14039891.385362687
2.1350000000000002	13913469.900895087
2.1450000000000005	13787393.159252286
2.1550000000000002	13661591.965961983
2.1650000000000005	13536449.28706934
2.1750000000000003	13410798.119902762
2.185	13284688.597067311
2.1950000000000003	13158938.30675534
2.205	13033731.400608676
2.2150000000000003	12909520.409369413
2.225	12785278.976084396
2.2350000000000003	12661894.242494117
2.245	12540017.746937403
2.2550000000000003	12418270.449805666
2.265	12298555.808080424
2.2750000000000004	12179840.396939369
2.285	12062473.998204254
2.2950000000000004	11946558.057753183
2.305	11837580.14085316
2.3150000000000004	11723642.921700785
2.325	11611496.74910316
2.3350000000000004	11499660.647470888
2.345	11388697.324821914
2.3550000000000004	11278231.894110877
2.365	11168015.97370489
2.3750000000000004	11058264.782681046
2.3850000000000002	10949074.573242953
2.3950000000000005	10839570.570603639
2.4050000000000002	10730266.177701093
2.4150000000000005	10620583.171356445
2.4250000000000003	10510112.192368895
2.435	10399529.676278919
2.4450000000000003	10288448.39692982
2.455	10189041.647968423
2.4650000000000003	10078043.422466477
2.475	9967697.34585203
2.4850000000000003	9857547.930548342
2.495	9748072.29915707
2.5050000000000003	9639340.72716557
2.515	9532249.684403952
2.5250000000000004	9426580.792764895
2.535	9323088.365070308
2.5450000000000004	9221689.275377644
2.555	9123318.419813152
2.5650000000000004	9027348.217401803
2.575	8937984.100669293
2.5850000000000004	8846320.178026237
2.595	8756750.717672842
2.6050000000000004	8669121.505868284
2.615	8583030.63997949
2.6250000000000004	8497578.226418478
2.6350000000000002	8412910.60622128
2.6450000000000005	8328566.564578204
2.6550000000000002	8244530.052683004
2.6650000000000005	8160213.293398602
2.6750000000000003	8076010.593535907
2.685	7991627.776706079
2.6950000000000003	7907183.771052421
2.705	7821472.969489853
2.7150000000000003	7736175.749450663
2.725	7649991.262682339
2.7350000000000003	7563785.784348744
2.745	7477408.221315815
2.7550000000000003	7398627.810105728
2.765	7311659.339635614
2.7750000000000004	7224854.995754792
2.785	7137401.0205239495
2.7950000000000004	7049780.877401542
2.805	6961531.902394097
2.8150000000000004	6872731.456902687
2.825	6785757.580855711
2.8350000000000004	6695658.803137798
2.845	6605010.099431319
2.8550000000000004	6513882.596894444
2.865	6421985.454656227
2.8750000000000004	6329730.64819415
2.8850000000000002	6237374.356529856
2.8950000000000005	6144557.636566691
2.9050000000000002	6051617.727420801
2.9150000000000005	5959377.098388184
2.9250000000000003	5867597.565811596
2.935	5776211.216918578
2.9450000000000003	5685974.966166835
2.955	5596571.295306624
2.9650000000000003	5508050.354397663
2.975	5420522.256970197
2.9850000000000003	5334853.815388369
2.995	5250217.8381639235
3.0050000000000003	5167690.404093941
3.015	5086475.511451262
3.0250000000000004	5007295.2539284015
3.035	4930532.441890488
3.0450000000000004	4861931.205302364
3.055	4790549.243278622
3.0650000000000004	4722175.713084735
3.075	4657131.608387203
3.0850000000000004	4597764.9132657
3.095	4540318.758763794
3.1050000000000004	4486887.486111666
3.115	4437348.247976323
3.1250000000000004	4392116.436875814
3.1350000000000002	4351054.872590951
3.1450000000000005	4313937.07475137
3.1550000000000002	4280599.573739642
3.1650000000000005	4251267.416918661
3.1750000000000003	4225097.736393683
3.1850000000000005	4202285.460711893
3.1950000000000003	4182393.4035011753
3.205	4165237.089106631
3.2150000000000003	4149987.7417597417
3.225	4136545.4892613576
3.2350000000000003	4124857.6255056285
3.245	4114051.2038860936
3.2550000000000003	4104450.2031179033
3.265	4095735.9431452258
3.2750000000000004	4087881.7811507694
3.285	4080680.129592016
3.2950000000000004	4074350.1016304907
3.305	4068679.501407755
3.3150000000000004	4067236.3050269014
3.325	4064805.8699041195
3.3350000000000004	4061490.6791922105
3.345	4058510.7387365503
3.3550000000000004	4056394.6302233613
3.365	4054989.598956576
3.3750000000000004	4053927.7547864965
3.3850000000000002	4053258.735916664
3.3950000000000005	4052859.2612720137
3.4050000000000002	4052521.087176992
3.4150000000000005	4051706.820534928
3.4250000000000003	4050507.9753829814
3.4350000000000005	4049078.0338459197
3.4450000000000003	4047272.6394947493
3.455	4045027.870178767
3.4650000000000003	4041841.8634738196
3.475	4038372.649989347
3.4850000000000003	4034128.5672692154
3.495	4029609.8050041925
3.5050000000000003	4024273.514901106
3.515	4019083.7613915303
3.5250000000000004	4013311.702636563
3.535	4007399.8264892166
3.5450000000000004	4001621.808847085
3.555	3995558.1581801977
3.5650000000000004	3989786.3976180525
3.575	3985964.6873645796
3.5850000000000004	3980284.1999301235
3.595	3977747.1558505255
3.6050000000000004	3972448.682105181
3.615	3967043.178651203
3.6250000000000004	3961708.836274634
3.6350000000000002	3956438.8570316886
3.6450000000000005	3951097.0304986667
3.6550000000000002	3945515.4654603526
3.6650000000000005	3939883.2485476215
3.6750000000000003	3934473.9263319466
3.6850000000000005	3929259.173681711
3.6950000000000003	3923772.0247323997
3.705	3918452.843584412
3.7150000000000003	3912932.423192917
3.725	3907459.563170777
3.7350000000000003	3902753.0301231584
3.745	3898436.739570772
3.7550000000000003	3894381.6843731175
3.765	3890945.5167892477
3.7750000000000004	3887809.9537058827
3.785	3885293.874796387
3.7950000000000004	3883419.790342375
3.805	3882139.1678088005
3.8150000000000004	3882965.8369696815
3.825	3882695.540393329
3.8350000000000004	3882461.12897075
3.845	3882450.373322398
3.8550000000000004	3885454.335257592
3.865	3885797.835877353
3.8750000000000004	3886055.8095694906
3.8850000000000002	3886409.9877921813
3.8950000000000005	3886187.299079808
3.9050000000000002	3885861.921610444
3.9150000000000005	3884935.73367317
3.9250000000000003	3883917.117910426
3.9350000000000005	3882217.017285218
3.9450000000000003	3879758.8440614715
3.9550000000000005	3877093.647833034
3.9650000000000003	3873741.854197528
3.975	3869748.849918686
3.9850000000000003	3865161.0841444866
3.995	3859998.795489871
4.005	3854505.0114402627
4.015000000000001	3848338.4670004467
4.025	3841990.978271964
4.035	3834825.429936072
4.045	3829271.767044538
4.055000000000001	3821976.924673737
4.065	3814762.7700159918
4.075	3807682.264262523
4.085	3800381.5240901764
4.095000000000001	3793291.4070487
4.105	3786796.659208225
4.115	3780803.915685592
4.125	3777854.7009459077
4.135000000000001	3773181.202410698
4.1450000000000005	3769132.690133132
4.155	3765805.0011266167
4.165	3763429.94881325
4.175000000000001	3761784.9398978045
4.1850000000000005	3761006.8153038844
4.195	3760914.0304247974
4.205	3761743.6706403904
4.215	3763006.7013091007
4.2250000000000005	3764981.8025313783
4.235	3767364.8913852996
4.245	3770036.1862812024
4.255	3773692.961781543
4.265000000000001	3777470.9503230313
4.275	3781786.934989212
4.285	3787879.6414465643
4.295	3792488.533309206
4.305000000000001	3796681.622450189
4.315	3801085.3647301495
4.325	3805303.7345096157
4.335	3809450.907226709
4.345000000000001	3813089.1038762433
4.355	3815991.280592726
4.365	3818451.9248050433
4.375	3820254.8185475646
4.385000000000001	3823780.0789923626
4.3950000000000005	3824252.7952476414
4.405	3823957.3520131567
4.415	3822870.6617330164
4.425000000000001	3821128.6336533288
4.4350000000000005	3818427.411174532
4.445	3815188.622181384
4.455	3811248.8065462355
4.465000000000001	3806814.347721188
4.4750000000000005	3802362.2854267554
4.485	3797379.6109543773
4.495	3792179.0040806145
4.505	3786756.189628248
4.515000000000001	3783276.9361182167
4.525	3778312.3919150336
4.535	3773569.125019073
4.545	3769318.684320224
4.555000000000001	3765403.970895859
4.565	3761996.598325229
4.575	3759017.7633416983
4.585	3756660.007540756
4.595000000000001	3754686.562382184
4.605	3753226.179407722
4.615	3752060.280294284
4.625	3751362.4325437793
4.635000000000001	3753057.7675573477
4.6450000000000005	3752670.0273786215
4.655	3752278.6403662423
4.665	3752321.0858625267
4.675000000000001	3751885.9472452104
4.6850000000000005	3751863.0815988756
4.695	3751499.6033504657
4.705	3750792.261417574
4.715000000000001	3749704.355813699
4.7250000000000005	3748684.189765364
4.735	3747135.457045092
4.745	3747176.6609947556
4.755	3745281.9120456683
4.765000000000001	3743020.859186045
4.775	3740723.9777487908
4.785	3738229.2667439207
4.795	3735492.1628520433
4.805000000000001	3732664.345750356
4.815	3730004.5471612005
4.825	3727330.011594659
4.835	3724882.448291966
4.845000000000001	3722434.035476976
4.855	3720037.7397854733
4.865	3717998.326132677
4.875	3716198.242232269
4.885000000000001	3714758.340025187
4.8950000000000005	3715789.5762702874
4.905	3715245.054262064
4.915	3714791.939890527
4.925000000000001	3714869.321185416
4.9350000000000005	3714898.010753298
4.945	3715221.698397593
4.955	3715990.6631146106
4.965000000000001	3718348.7484886507
4.9750000000000005	3719384.0878505735
4.985	3720341.9495140356
4.995	3721473.8507886664
5.005	3722315.2932913434
5.015000000000001	3722831.508463171
5.025	3723299.613260211
5.035	3723334.582427272
5.045	3723078.1611263934
5.055000000000001	3722193.9887969997
5.065	3720966.9499484333
5.075	3719439.885007395
5.085	3717211.0638879095
5.095000000000001	3714304.883524006
5.105	3711441.269516497
5.115	3707884.676553565
5.125	3703821.6776769324
5.135000000000001	3699348.9031557096
5.1450000000000005	3696693.585290572
5.155	3691838.443200873
5.165	3686850.998719074
5.175000000000001	3681681.936786259
5.1850000000000005	3676398.260953656
5.195	3672523.7429573187
5.205	3667280.619191224
5.215000000000001	3662107.428041482
5.2250000000000005	3657077.98537714
5.235	3652329.2206344362
5.245	3647405.7649791483
5.255	3643087.1136989305
5.265000000000001	3638737.0562635236
5.275	3634773.1649610237
5.285	3631025.4624979636
5.295	3627554.8270011037
5.305000000000001	3624108.1390279904
5.315	3621212.8888926925
5.325	3618250.522073424
5.335	3615868.0173788746
5.345000000000001	3613917.096570485
5.355	3612459.346642018
5.365	3611222.513518229
5.375	3610249.1244665105
5.385000000000001	3609858.712177782
5.3950000000000005	3611818.0980570326
5.405	3612348.718793552
5.415	3614682.303118211
5.425000000000001	3616106.4212697595
5.4350000000000005	3617886.5789925004
5.445	3619998.341196906
5.455	3622539.274559936
5.465000000000001	3625286.880772474
5.4750000000000005	3628123.4970677877
5.485	3631112.3096726458
5.495	3634103.1005989937
5.505	3637294.843076083
5.515000000000001	3640381.105910702
5.525	3643134.4356623003
5.535	3645785.5932996767
5.545	3648057.1223765905
5.555000000000001	3650309.505473023
5.565	3652017.62419875
5.575	3653420.858735225
5.585	3654353.814942642
5.595000000000001	3654986.2229881277
5.605	3654973.5444479897
5.615	3654505.865699635
5.625	3653758.782080747
5.635000000000001	3654584.829973866
5.6450000000000005	3654209.436068937
5.655	3652307.8191941204
5.665	3650088.6283075046
5.675000000000001	3647518.490493233
5.6850000000000005	3644490.7894319193
5.695	3641434.011772941
5.705	3637729.8144797715
5.715000000000001	3633646.8133309106
5.7250000000000005	3629367.362442702
5.735	3625110.61781025
5.745	3620433.219294918
5.755	3615484.0120375417
5.765000000000001	3610447.177088883
5.775	3605382.350359735
5.785	3599954.6364424326
5.795	3594857.997002216
5.805000000000001	3589487.1534951744
5.815	3584094.918071833
5.825	3578899.978941702
5.835	3573661.247115503
5.845000000000001	3568570.8664203207
5.855	3563714.7590940497
5.865	3560463.0249832845
5.875	3556412.008637941
5.885000000000001	3554322.773869834
5.8950000000000005	3550522.7592086666
5.905	3547408.1681701033
5.915	3544594.2991938554
5.925000000000001	3542039.203512706
5.9350000000000005	3539993.9113217937
5.945	3538583.952431897
5.955	3537335.628174802
5.965000000000001	3536422.9143773797
5.9750000000000005	3535747.6034937
5.985	3535423.461161223
5.995	3535390.0372432508
6.005000000000001	3535468.924143345
6.015000000000001	3535906.8526292685
6.025	3536695.124190246
6.035	3537511.5987655153
6.045	3538228.162610974
6.055000000000001	3539089.9106158395
6.065	3540266.1867274526
6.075	3541506.641096726
6.085	3543821.36059737
6.095000000000001	3545041.8817953714
6.105	3546196.9386307895
6.115	3547252.863089929
6.125	3550205.3491615597
6.135000000000001	3551394.566918252
6.1450000000000005	3552717.981215597
6.155	3553883.4040854266
6.165	3554983.5598497107
6.175000000000001	3555739.615787554
6.1850000000000005	3556483.4469396453
6.195	3557192.964787812
6.205	3557650.531204878
6.215000000000001	3558165.4922120683
6.2250000000000005	3558410.4147331635
6.235	3558476.921168979
6.245	3558294.294863187
6.255000000000001	3557813.548824192
6.265000000000001	3557199.5717483615
6.275	3556306.8710598913
6.285	3555214.54490326
6.295	3553688.8972934126
6.305000000000001	3553353.8236470288
6.315	3551446.3625285826
6.325	3549414.209487539
6.335	3546877.7817499717
6.345000000000001	3544405.5166965947
6.355	3541613.5834176545
6.365	3538879.8410946503
6.375	3537529.1799282865
6.385000000000001	3534474.7386642112
6.3950000000000005	3531489.3879608675
6.405	3528352.7117638877
6.415	3525327.661478738
6.425000000000001	3522241.8961779173
6.4350000000000005	3519086.3257053746
6.445	3516140.6786489044
6.455	3513337.645354126
6.465000000000001	3510419.007792596
6.4750000000000005	3507535.1545280362
6.485	3504854.677271108
6.495	3502276.8407016476
6.505000000000001	3499820.73587475
6.515000000000001	3497372.789511081
6.525	3496218.4811694506
6.535	3494182.3658208116
6.545	3492390.1002399414
6.555000000000001	3490662.6960601117
6.565	3488976.3570759236
6.575	3487475.387233322
6.585	3486135.1237300034
6.595000000000001	3484853.5168842617
6.605	3483724.639036592
6.615	3484365.2896560635
6.625	3483427.0139221298
6.635000000000001	3482752.4789884896
6.6450000000000005	3482229.7767392136
6.655	3482033.4138059546
6.665	3481830.9552216944
6.675000000000001	3481760.618628123
6.6850000000000005	3482026.848848657
6.695	3482251.483324863
6.705	3482749.2652787026
6.715000000000001	3483407.2701772028
6.7250000000000005	3484319.5155482427
6.735	3485365.2338435785
6.745	3487664.866353521
6.755000000000001	3489040.1451518214
6.765000000000001	3490656.507950175
6.775	3492097.4423989714
6.785	3493711.4090088275
6.795	3495429.115335196
6.805000000000001	3497435.5101005547
6.815	3499411.6952702207
6.825	3501351.9110805066
6.835	3503132.086448
6.845000000000001	3505066.468008918
6.855	3508393.4375821315
6.865	3510056.8977896655
6.875	3511795.136236979
6.885000000000001	3513087.8221808765
6.8950000000000005	3514502.923784154
6.905	3515579.6305192322
6.915	3516399.8789983527
6.925000000000001	3516879.81957139
6.9350000000000005	3517234.384436991
6.945	3517215.8551374343
6.955	3518132.3074583756
6.965000000000001	3517549.5755746765
6.9750000000000005	3516665.636857535
6.985	3515457.951065957
6.995	3513755.2254402726
7.005000000000001	3511861.5635228883
7.015000000000001	3509904.9394372646
7.025	3507597.5071929023
7.035	3504893.3588280356
7.045	3502101.811177953
7.055000000000001	3498947.8321482944
7.065	3495668.012458694
7.075	3492461.1127181174
7.085	3488803.2720275377
7.095000000000001	3486630.4526715213
7.105	3483105.807848461
7.115	3479448.7689467403
7.125	3475764.192540085
7.135000000000001	3472033.6019803435
7.1450000000000005	3468223.2403517556
7.155	3464538.2979658637
7.165	3460795.0294986754
7.175000000000001	3458478.7118806294
7.1850000000000005	3455075.7068521264
7.195	3451745.4511333955
7.205	3448557.546535905
7.215000000000001	3445306.0895006326
7.2250000000000005	3442507.7390808756
7.235	3439641.232163962
7.245	3437054.105951052
7.255000000000001	3434553.7134112334
7.265000000000001	3432177.3565642466
7.275	3430067.9171441603
7.285	3428038.3303082623
7.295	3426297.819029916
7.305000000000001	3424637.499526354
7.315	3423242.3347172095
7.325	3421856.346693366
7.335	3422199.3277237066
7.345000000000001	3421276.8174642916
7.355	3420406.0234725485
7.365	3419758.841833023
7.375	3419226.7577861813
7.385000000000001	3419860.1493035713
7.3950000000000005	3419793.865454382
7.405	3419757.3820593185
7.415	3419835.430824328
7.425000000000001	3419940.195863777
7.4350000000000005	3420141.2196633937
7.445	3420480.282960788
7.455	3420835.2850032086
7.465000000000001	3421185.562724154
7.4750000000000005	3421495.523716627
7.485	3421801.5642808657
7.495	3422163.746802751
7.505000000000001	3422469.7762310086
7.515000000000001	3422737.713363981
7.525	3422811.2176130237
7.535	3422930.9394989084
7.545	3423056.4178695153
7.555000000000001	3423021.868671212
7.565	3422874.0896359747
7.575	3423932.927410929
7.585	3423563.5180598577
7.595000000000001	3423049.6692857095
7.605	3423421.970404915
7.615	3422684.7741982266
7.625	3421793.867134356
7.635000000000001	3420856.4888826427
7.6450000000000005	3419668.077227645
7.655	3418333.2280452074
7.665	3416965.359813592
7.675000000000001	3415625.0254757376
7.6850000000000005	3413965.257066761
7.695	3412599.586943886
7.705	3411142.6814732105
7.715000000000001	3409466.3766514705
7.7250000000000005	3407944.7821718017
7.735	3406244.3050751006
7.745	3404656.1117449054
7.755000000000001	3403123.1363656544
7.765000000000001	3401699.764559674
7.775	3400423.450540482
7.785	3399209.776775946
7.795000000000001	3398163.5982826483
7.805000000000001	3398428.9215177414
7.815	3398412.166627773
7.825	3397680.509983006
7.835	3397052.584287753
7.845000000000001	3396411.863606811
7.855	3395883.4679767564
7.865	3395545.0866444795
7.875	3395135.774712432
7.885000000000001	3394999.2563349255
7.8950000000000005	3394870.417521546
7.905	3394805.2778014005
7.915	3394808.269528394
7.925000000000001	3394771.8155383
7.9350000000000005	3394547.4305709577
7.945	3394421.9611787004
7.955	3394279.086561853
7.965000000000001	3393965.7032497264
7.9750000000000005	3393511.769410736
7.985	3393114.1287096296
7.995000000000001	3392572.5806102403
8.005	3392098.3225861923
8.015	3391261.8878989625
8.025	3390417.8127652695
8.035	3390256.5912254616
8.045	3390295.6858004625
8.055	3388849.175813265
8.065	3387258.2556073256
8.075000000000001	3385521.152153742
8.085	3383763.986357802
8.095	3381834.988348355
8.105	3379757.7563455002
8.115	3377511.847153928
8.125	3375152.2274485026
8.135	3372721.0576063176
8.145	3370439.574965167
8.155000000000001	3368013.8161646253
8.165000000000001	3365538.785220464
8.175	3362868.1143562286
8.185	3360380.6089803637
8.195	3357709.880966917
8.205	3355152.023096683
8.215	3352606.679557929
8.225	3350154.7754000262
8.235000000000001	3347854.372885972
8.245000000000001	3346490.58402926
8.255	3344349.3402996073
8.265	3342332.541765697
8.275	3341723.6025614194
8.285	3339990.7903115624
8.295	3338317.9671738334
8.305	3336811.499514035
8.315	3335387.72816109
8.325000000000001	3334204.7186195836
8.335	3333030.7771739652
8.345	3332142.4368148968
8.355	3331346.0571735627
8.365	3330836.288697478
8.375	3330327.3876612773
8.385	3330084.7048330014
8.395	3329872.2055815104
8.405000000000001	3329717.0628075204
8.415000000000001	3329793.725024536
8.425	3329908.6431962266
8.435	3330175.070630078
8.445	3330590.4376455066
8.455	3332088.478876169
8.465	3332707.3528233427
8.475	3333521.110959474
8.485000000000001	3334269.1662309705
8.495000000000001	3335084.538629787
8.505	3336051.546121987
8.515	3338169.645110497
8.525	3339161.242644771
8.535	3340144.349482292
8.545	3341073.097044902
8.555	3342012.3749106163
8.565000000000001	3343045.412324352
8.575000000000001	3344017.266932065
8.585	3344833.6799411867
8.595	3345643.0219118064
8.605	3346414.318017498
8.615	3347007.657496411
8.625	3347609.2892564996
8.635	3348260.677313463
8.645	3348647.574876364
8.655000000000001	3349144.9822044424
8.665000000000001	3350370.304889241
8.675	3350489.329245931
8.685	3350665.827584466
8.695	3350639.497558528
8.705	3350654.9722703714
8.715	3350515.575176815
8.725	3350324.992822772
8.735000000000001	3350031.3458754425
8.745000000000001	3350779.998205015
8.755	3350286.5476547102
8.765	3349841.200749382
8.775	3349369.540399444
8.785	3348959.8229928585
8.795	3348523.635441829
8.805	3347989.8922635587
8.815000000000001	3347410.7872338295
8.825000000000001	3346964.509360334
8.835	3346431.042442436
8.845	3345884.730757496
8.855	3345509.8835763866
8.865	3345152.6500711516
8.875	3344766.3576080822
8.885	3345247.338739149
8.895	3345073.853558383
8.905000000000001	3344870.1225404018
8.915000000000001	3344775.893247434
8.925	3344638.103963306
8.935	3344586.8325461745
8.945	3344502.791857485
8.955	3344448.826925397
8.965	3344407.9334957795
8.975	3344432.651164753
8.985000000000001	3345697.951058447
8.995000000000001	3345702.187362063
9.005	3345784.4082018505
9.015	3345824.9254098935
9.025	3345996.815147551
9.035	3346050.0719449483
9.045	3345940.4434413803
9.055	3345955.5371957375
9.065000000000001	3345806.880226571
9.075000000000001	3345645.3100220775
9.085	3345373.071941944
9.095	3345911.2870048927
9.105	3345502.6152199055
9.115	3345016.6345362514
9.125	3344408.3285020743
9.135	3343882.2467439086
9.145	3343094.7945614057
9.155000000000001	3342317.65729753
9.165000000000001	3341317.240190916
9.175	3340277.4347988935
9.185	3339002.510283993
9.195	3337655.1041117497
9.205	3336359.4567101295
9.215	3336023.5482465685
9.225	3334509.1220614794
9.235000000000001	3332988.321831239
9.245000000000001	3331324.6201303997
9.255	3329520.4524396234
9.265	3327872.756515912
9.275	3326057.0541080683
9.285	3324315.154467029
9.295	3322555.698867212
9.305	3321605.3527175225
9.315000000000001	3319939.88896081
9.325000000000001	3317944.00181303
9.335	3316140.2517016395
9.345	3314274.4592794394
9.355	3312461.6942435363
9.365	3310682.639247426
9.375	3308931.0322175086
9.385	3307266.8363529076
9.395	3305649.075062685
9.405000000000001	3304037.152817866
9.415000000000001	3302349.5472220196
9.425	3300674.7385137607
9.435	3299111.811783725
9.445	3298522.2038311674
9.455	3296814.986111995
9.465	3295209.1155932383
9.475	3293637.3126197346
9.485000000000001	3292191.7636489524
9.495000000000001	3290721.1144910324
9.505	3289358.1331180106
9.515	3288846.5196786616
9.525	3287414.3320449754
9.535	3286096.8850585422
9.545	3284791.6588979485
9.555	3283506.3696043137
9.565000000000001	3282257.426976935
9.575000000000001	3281112.1343672685
9.585	3280065.771439277
9.595	3278894.8495723708
9.605	3277795.0755380937
9.615	3276715.6903414773
9.625	3275760.220903259
9.635	3274906.2119160765
9.645	3274155.5909569548
9.655000000000001	3273501.033397649
9.665000000000001	3272882.54086526
9.675	3273338.813659868
9.685	3272895.4221296334
9.695	3272543.438753695
9.705	3272097.5863792365
9.715	3271753.653507538
9.725	3272325.2675379245
9.735000000000001	3272188.2113735094
9.745000000000001	3272138.3172574844
9.755	3272216.6900621722
9.765	3272401.323516125
9.775	3272560.789090545
9.785	3272645.5902593173
9.795	3272955.2539937906
9.805	3273142.8645013743
9.815000000000001	3273436.8083500396
9.825000000000001	3273700.9871333493
9.835	3273987.685740534
9.845	3274245.025458654
9.855	3274618.867624895
9.865	3274968.0557534816
9.875	3275205.232131737
9.885	3275526.5136150094
9.895	3275970.798511241
9.905000000000001	3276278.7221518713
9.915000000000001	3277637.54168668
9.925	3277913.5704538836
9.935	3278995.3308398407
9.945	3279261.8697223132
9.955	3279475.6953948205
9.965	3279668.043602306
9.975	3279878.6758371913
9.985000000000001	3279962.2968470096
9.995000000000001	3280179.6268215
10.005	3280191.6743784095
10.015	3280123.617607416
10.025	3280028.4457364497
10.035	3280153.4834018154
10.045	3280109.253188547
10.055	3279961.011665808
10.065000000000001	3279704.2323086075
10.075000000000001	3279523.431480426
10.085	3279258.1109465547
10.095	3279070.969858627
10.105	3278704.4256744585
10.115	3278334.2697434574
10.125	3277853.1422800627
10.135	3277373.9744013604
10.145	3278469.6693812045
10.155000000000001	3277854.6791121243
10.165000000000001	3277153.124913852
10.175	3276307.5522966417
10.185	3275536.502412388
10.195	3274716.9069702397
10.205	3273791.5390611403
10.215	3272754.711993928
10.225	3271738.653216332
10.235000000000001	3270707.6275364836
10.245000000000001	3269641.850141212
10.255	3268479.2437072494
10.265	3267163.7872342267
10.275	3265904.793319088
10.285	3264505.750379991
10.295	3263114.4972331002
10.305	3261809.4662750564
10.315000000000001	3260388.7113029286
10.325000000000001	3259048.153484697
10.335	3257559.2703788006
10.345	3256760.2440253454
10.355	3255218.546244762
10.365	3253694.7840243075
10.375	3253147.029311003
10.385	3251648.142519335
10.395	3250286.9654812017
10.405000000000001	3249062.453363471
10.415000000000001	3247577.5929289437
10.425	3246189.195888112
10.435	3244981.5689644064
10.445	3243684.1527367686
10.455	3242441.4878907865
10.465	3241201.176314308
10.475	3240043.5174373174
10.485000000000001	3239034.036762031
10.495000000000001	3238066.8311964218
10.505	3237085.2070968244
10.515	3236127.2346401634
10.525	3235307.2745854384
10.535	3234540.695018341
10.545	3233849.053212145
10.555	3233916.340922195
10.565000000000001	3233309.57254316
10.575000000000001	3232846.770810713
10.585	3232236.5682317624
10.595	3231743.9127813866
10.605	3232331.2072600815
10.615	3232009.4440773833
10.625	3231708.328583074
10.635	3231485.482012843
10.645	3231295.1863021385
10.655000000000001	3231094.2825811934
10.665000000000001	3230939.2153060003
10.675	3230808.3744303565
10.685	3230670.531000054
10.695	3230561.6983528812
10.705	3230553.9692356694
10.715	3230484.162421267
10.725	3230379.0319900173
10.735000000000001	3230326.5771469288
10.745000000000001	3230240.68806034
10.755	3230031.792573295
10.765	3230660.399333873
10.775	3230636.041096723
10.785	3230535.9893800863
10.795	3230389.9489975423
10.805	3230260.065488602
10.815000000000001	3230139.0817634542
10.825000000000001	3229935.7055300083
10.835	3230667.125207546
10.845	3230457.984181372
10.855	3230275.9677644316
10.865	3230044.104926203
10.875	3229891.354683997
10.885	3229610.085393645
10.895	3229408.1799638113
10.905000000000001	3229201.9818339543
10.915000000000001	3228834.8022199487
10.925	3228626.362594157
10.935	3228394.5787432217
10.945	3228115.1279722815
10.955	3227881.899439212
10.965	3227602.4020916284
10.975	3228021.7266213554
10.985000000000001	3227749.6600283915
10.995000000000001	3227459.122676887
11.005	3227210.4696712727
11.015	3226866.4224515967
11.025	3226684.692359754
11.035	3226407.1322070463
11.045	3226173.6716106096
11.055	3225857.114878574
11.065000000000001	3226508.8669621022
11.075000000000001	3226236.0145629602
11.085	3226064.3535205773
11.095	3225923.4790091845
11.105	3225711.396208226
11.115	3225536.45191853
11.125	3225452.3938701143
11.135	3225295.4219571343
11.145	3225244.0470381593
11.155000000000001	3225219.558312664
11.165000000000001	3225125.246415403
11.175	3224902.271937195
11.185	3225458.608453667
11.195	3225460.841572903
11.205	3225391.258884024
11.215	3225322.9545263774
11.225	3225343.1435090434
11.235000000000001	3225231.725488378
11.245000000000001	3225276.791297394
11.255	3225200.9584902828
11.265	3225258.6401678375
11.275	3225287.3980199615
11.285	3225433.0033825017
11.295	3226380.0896816715
11.305	3226592.700074758
11.315000000000001	3226714.5999098765
11.325000000000001	3226927.3468363797
11.335	3227177.721294358
11.345	3227502.5788153103
11.355	3227728.756679389
11.365	3228090.847391212
11.375	3228607.307100166
11.385	3229659.9433563836
11.395	3230014.5269066677
11.405000000000001	3230514.2886114065
11.415000000000001	3230973.218378216
11.425	3231542.9765928932
11.435	3232113.385037036
11.445	3232768.07453393
11.455	3233520.2959004147
11.465	3234123.843139941
11.475	3234778.153864808
11.485000000000001	3235350.236254787
11.495000000000001	3236067.0234082844
11.505	3236746.439343953
11.515	3238231.159340337
11.525	3238827.5522883576
11.535	3239489.3333938783
11.545	3240113.1557545396
11.555	3240720.074963493
11.565000000000001	3241387.3741616765
11.575000000000001	3241790.220614965
11.585	3242192.6058780574
11.595	3243286.054455621
11.605	3243693.1123681795
11.615	3243872.549103792
11.625	3244117.9587732875
11.635	3244311.715696203
11.645	3244331.0494635995
11.655000000000001	3244378.569394949
11.665000000000001	3244342.9405246726
11.675	3244304.301980741
11.685	3244193.8408600995
11.695	3243987.6463246346
11.705	3243728.3448281237
11.715	3243405.7313263104
11.725	3242959.4855135106
11.735000000000001	3242502.688109848
11.745000000000001	3242763.6218928644
11.755	3242215.295592813
11.765	3241564.526652052
11.775	3240871.5022498886
11.785	3240160.6417145277
11.795	3239448.0667035556
11.805	3239354.8054456827
11.815000000000001	3238610.478283872
11.825000000000001	3237812.3723687166
11.835	3236996.943133425
11.845	3236166.968335987
11.855	3235362.450242132
11.865	3234580.508585811
11.875	3233804.5391003266
11.885	3233032.8893989758
11.895	3232359.707319714
11.905000000000001	3231579.9054302345
11.915000000000001	3230841.1080019698
11.925	3230263.9470278444
11.935	3229565.270299437
11.945	3228959.481700413
11.955	3228382.494718839
11.965	3227750.0018542423
11.975	3228113.838683155
11.985000000000001	3227613.8940152843
11.995000000000001	3227255.1000451813
12.005	3227595.7671554936
12.015	3227397.4593634857
12.025	3227182.0900515835
12.035	3227062.741404021
12.045	3226944.6016641334
12.055	3226902.097031486
12.065000000000001	3226886.028628167
12.075000000000001	3226946.552499468
12.085	3227012.4613027587
12.095	3227085.3248600564
12.105	3227194.743640843
12.115	3227298.0140602225
12.125	3227552.7049527927
12.135	3227871.3870567386
12.145000000000001	3228164.620402554
12.155000000000001	3228451.67640505
12.165000000000001	3228844.952244622
12.175	3229289.0436971686
12.185	3229712.603984796
12.195	3230127.2129785065
12.205	3231503.667802288
12.215	3232617.689387058
12.225	3233099.8395227464
12.235000000000001	3233708.1048439657
12.245000000000001	3234231.5835805335
12.255	3234797.095296978
12.265	3235306.078591149
12.275	3235874.5716408766
12.285	3236469.272612573
12.295	3237094.3686434804
12.305	3237660.6134991143
12.315000000000001	3238146.1751454426
12.325000000000001	3238595.422556737
12.335	3239060.535402968
12.345	3239559.8721224344
12.355	3239936.49106712
12.365	3240334.1537960917
12.375	3240771.5846612547
12.385	3241115.047819368
12.395000000000001	3241447.2276444184
12.405000000000001	3241696.0490321238
12.415000000000001	3242017.0248381402
12.425	3242801.532953091
12.435	3243732.975889243
12.445	3243865.8973130505
12.455	3244004.550885159
12.465	3243997.988915563
12.475	3244030.597761551
12.485000000000001	3244042.1359998104
12.495000000000001	3244062.985443234
12.505	3243921.7730097007
12.515	3243954.2104697386
12.525	3243737.2118294416
12.535	3243553.795093434
12.545	3243328.696481316
12.555	3243111.1500181966
12.565000000000001	3242803.362324658
12.575000000000001	3242647.117114916
12.585	3242419.4084705072
12.595	3242185.192329906
12.605	3241837.100868231
12.615	3241675.728078694
12.625	3242035.4893760686
12.635	3241810.264188947
12.645000000000001	3241716.947949984
12.655000000000001	3242358.060030363
12.665000000000001	3242247.149303336
12.675	3242264.1067418633
12.685	3242293.228669884
12.695	3242368.273185413
12.705	3242470.1094323555
12.715	3242595.00487641
12.725	3242805.338859427
12.735000000000001	3243061.9227048606
12.745000000000001	3243539.628919169
12.755	3244042.7913827915
12.765	3244671.559999167
12.775	3245418.852811544
12.785	3246265.8490848127
12.795	3247189.7154710055
12.805	3248243.2692499487
12.815000000000001	3249313.120977948
12.825000000000001	3250511.2882812405
12.835	3252562.5423479006
12.845	3253924.990694737
12.855	3255445.4953731922
12.865	3257090.259077954
12.875	3258903.1792102144
12.885	3261486.757125356
12.895000000000001	3263480.0409406754
12.905000000000001	3265617.644692052
12.915000000000001	3267894.9740932467
12.925	3270197.5439009736
12.935	3272596.163491957
12.945	3275108.5592068527
12.955	3277651.025003699
12.965	3280301.9317248017
12.975	3282959.69952573
12.985000000000001	3285770.1306114164
12.995000000000001	3288764.4997789627
13.005	3291678.56955621
13.015	3294615.2315341746
13.025	3297765.370915707
13.035	3301289.7209456307
13.045	3304379.2184546306
13.055	3307322.072693002
13.065000000000001	3310453.4548389944
13.075000000000001	3313519.068668601
13.085	3316694.3994091367
13.095	3319778.6196063585
13.105	3322918.227915212
13.115	3326664.55275563
13.125	3329666.3951625503
13.135	3332597.2748210523
13.145000000000001	3335476.950603598
13.155000000000001	3338297.0139313047
13.165000000000001	3340978.877276152
13.175	3343579.6733401944
13.185	3346054.116996711
13.195	3348371.942609383
13.205	3350614.725778155
13.215	3352661.9614586346
13.225	3354622.0395187107
13.235000000000001	3356426.03063438
13.245000000000001	3358379.6265382343
13.255	3359852.433851387
13.265	3361038.315364485
13.275	3362103.4955470227
13.285	3362949.7602367504
13.295	3363480.0123533676
13.305	3363944.7354124947
13.315000000000001	3364004.5990133127
13.325000000000001	3363810.371196045
13.335	3364078.452568037
13.345	3363319.0020647272
13.355	3362242.5817298116
13.365	3360919.4833129477
13.375	3359249.121292168
13.385	3357304.340605261
13.395000000000001	3355009.0478346203
13.405000000000001	3352342.289225312
13.415000000000001	3349332.234224672
13.425	3345998.395405591
13.435	3342267.2925259555
13.445	3338137.7906023096
13.455	3333927.602102843
13.465	3328934.1147052846
13.475	3323543.1011257856
13.485000000000001	3317738.0716645275
13.495000000000001	3311501.71043537
13.505	3304725.87525249
13.515	3297552.2595729213
13.525	3289974.079249859
13.535	3281916.0531559857
13.545	3273244.423875326
13.555	3264153.02959082
13.565000000000001	3255283.03410103
13.575000000000001	3245123.7506088316
13.585	3234542.7127393056
13.595	3223376.749264986
13.605	3211688.7936451114
13.615	3199467.6056598267
13.625	3186757.5855012205
13.635	3173421.800524307
13.645000000000001	3159578.9422020195
13.655000000000001	3145326.9484013286
13.665000000000001	3130369.9722899934
13.675	3114896.353524509
13.685	3098823.2735479614
13.695	3082157.7398498645
13.705	3064931.529832487
13.715	3047155.6466213656
13.725	3028718.6124754795
13.735000000000001	3009698.515441123
13.745000000000001	2990202.370276934
13.755	2970078.300718516
13.765	2949410.889011796
13.775	2928130.8446293846
13.785	2906394.835846332
13.795	2884782.177588048
13.805	2861872.56150014
13.815000000000001	2838445.0236836607
13.825000000000001	2814371.0063095554
13.835	2789746.204593968
13.845	2764719.6471170494
13.855	2739118.581555281
13.865	2713062.1599183176
13.875	2686360.6401975984
13.885	2659271.0666157217
13.895000000000001	2631607.228426847
13.905000000000001	2603598.849451343
13.915000000000001	2575034.3076470103
13.925	2545967.8153504254
13.935	2516525.046906759
13.945	2486639.555692363
13.955	2456258.8790402254
13.965	2425543.949907807
13.975	2394467.5649710945
13.985000000000001	2363080.6585730286
13.995000000000001	2331249.6380023053
14.005	2299188.7858889983
14.015	2267487.1934517585
14.025	2234771.4786750707
14.035	2201700.2124764337
14.045	2168391.587721349
14.055	2134889.9623210966
14.065000000000001	2101201.734067399
14.075000000000001	2067240.9715630626
14.085	2033130.5966263232
14.095	1998904.835209404
14.105	1964514.132060046
14.115	1930053.5606236474
14.125	1895485.867077436
14.135	1860801.002527052
14.145000000000001	1826049.8475493244
14.155000000000001	1791358.963718343
14.165000000000001	1756576.836811416
14.175	1721797.9962939313
14.185	1687093.3140925784
14.195	1652490.1783465147
14.205	1617947.4427616422
14.215	1583572.676614346
14.225	1549219.7498530515
14.235000000000001	1515042.67515185
14.245000000000001	1481774.8056820012
14.255	1447913.1811390296
14.265	1414308.0229579369
14.275	1380949.938662608
14.285	1347832.1528114208
14.295	1314974.7620521488
14.305	1282421.5327261954
14.315000000000001	1250082.517554222
14.325000000000001	1218033.9999067325
14.335	1186366.6561124104
14.345	1155041.7360531355
14.355	1124034.9003254946
14.365	1093392.3791970052
14.375	1063184.068924605
14.385	1033327.4242315575
14.395000000000001	1003909.5879199534
14.405000000000001	974887.1216772596
14.415000000000001	946246.042644047
14.425	918130.4486060826
14.435	890446.5480244311
14.445	863121.8552645174
14.455	836459.4944473327
14.465	810818.4259210544
14.475	785025.974219147
14.485000000000001	759706.3473435101
14.495000000000001	734906.4370796966
14.505	710517.6641661563
14.515	686642.8677695509
14.525	663199.187872617
14.535	640260.9694609997
14.545	617798.5500146756
14.555	595970.1894728151
14.565000000000001	574554.7574975058
14.575000000000001	553694.4474738757
14.585	533343.9609094914
14.595	513452.2076678267
14.605	494117.20549780905
14.615	475233.37891092553
14.625	456861.1761868189
14.635	438999.9485518221
14.645000000000001	421579.713913459
14.655000000000001	404729.65231679234
14.665000000000001	388338.66942092555
14.675	372365.5495477328
14.685	356959.8971911473
14.695	342474.9172890028
14.705	327921.6504447776
14.715	313808.7448066238
14.725	300199.96387629746
14.735000000000001	286958.29526666814
14.745000000000001	274172.75682970765
14.755	261805.94036623038
14.765	249798.73190786055
14.775	238273.49678232372
14.785	227200.0806287488
14.795	216540.8551453814
14.805	206257.19534715154
14.815000000000001	196350.20362565882
14.825000000000001	186839.38555194292
14.835	177645.54407692602
14.845	168820.2832442654
14.855	160343.93613434338
14.865	152207.80691283697
14.875	144411.1355634999
14.885	136940.31404720116
14.895000000000001	129818.46157819119
14.905000000000001	123008.85690488401
14.915000000000001	116451.14181453803
14.925	110511.17137401133
14.935	104506.18990499286
14.945	98778.48618845324
14.955	93318.73867434311
14.965	88079.16604534668
14.975	83115.7609457696
14.985000000000001	78405.75573323974
14.995000000000001	73896.21043138583
15.005	69591.26305411292
15.015	65503.36661241917
15.025	61607.07663529016
15.035	57941.640460282906
15.045	54449.97267655944
15.055	51189.618663499765
15.065000000000001	48068.906608438934
15.075000000000001	45074.56382653085
15.085	42272.109914321074
15.095	39604.42292022258
15.105	37076.64437397714
15.115	34704.80714002396
15.125	32471.08930781469
15.135	30337.005342390967
15.145000000000001	28512.458413198106
15.155000000000001	26636.178471419527
15.165000000000001	24848.992145794786
15.175	23167.60160146939
15.185	21601.28386546272
15.195	20147.170958708833
15.205	18742.09331509379
15.215	17442.634353147543
15.225	16244.183371442528
15.235000000000001	15103.400486112503
15.245000000000001	14023.811140868913
15.255	13019.593354850444
15.265	12071.33649997715
15.275	11214.259181694468
15.285	10398.26481385597
15.295	9618.063135320375
15.305	8910.905525574775
15.315000000000001	8231.231751473635
15.325000000000001	7630.733097861274
15.335	7058.636514721597
15.345	6515.9093452318075
15.355	5999.372568522921
15.365	5517.883846911752
15.375	5140.82611584272
15.385	4730.635184255159
15.395000000000001	4341.643194325433
15.405000000000001	4004.973183706745
15.415000000000001	3677.069973346282
15.425	3367.092580786059
15.435	3103.1069352631644
15.445	2852.2949742354367
15.455	2615.9827412348136
15.465	2389.81101529567
15.475000000000001	2182.6819544352416
15.485000000000001	1993.330950022171
15.495000000000001	1826.149799696091
15.505	1668.247364564894
15.515	1511.6942766425852
15.525	1377.5863239096961
15.535	1245.1431097371983
15.545	1122.2184110394817
15.555	1019.7067246429631
15.565000000000001	926.2784989842494
15.575000000000001	843.2604095965305
15.585	764.0653966455322
15.595	704.1699232341077
15.605	630.7996931946948
15.615	576.936630418596
15.625	521.5277715696999
15.635	473.7177255741495
15.645000000000001	432.9060237167951
15.655000000000001	391.42426619069494
15.665000000000001	344.11556178917255
15.675	313.2368774143883
15.685	282.8169135674395
15.695	254.72179356152543
15.705	230.62978103078115
15.715	208.39057037412437
15.725000000000001	187.8909264605801
15.735000000000001	163.4789007067357
15.745000000000001	146.740462413357
15.755	129.5015381421321
15.765	115.60417053148522
15.775	100.98973463407944
15.785	85.76366702129322
15.795	73.81760894192841
15.805	61.03349535597474
15.815000000000001	51.35275708810303
15.825000000000001	46.41416178480383
15.835	40.17370239952485
15.845	36.227234517995754
15.855	29.15346440491898
15.865	24.502540979820253
15.875	18.53923377209958
15.885	13.160370934824526
15.895000000000001	10.08131358278351
15.905000000000001	9.077974387791887
15.915000000000001	6.378231710130016
15.925	3.9455602746090492
15.935	3.557113901613615
15.945	3.202265512710636
15.955	2.8786401685279306
15.965	2.583972581487088
15.975000000000001	2.316108485045043
15.985000000000001	2.0730051017400086
