0	0
0.004999999999999999	10088731.010655623
0.015000000000000001	11148896.527137801
0.025	12243842.556714602
0.034999999999999996	13354960.867612075
0.045	14487880.639674738
0.055	15620330.370359868
0.065	16738282.398104949
0.07500000000000001	17827325.056712348
0.085	18865421.063376874
0.095	19853286.02828272
0.10500000000000001	20768621.728967536
0.115	21598347.40474443
0.125	22330619.99448612
0.13499999999999998	22955296.245305747
0.145	23458019.91121488
0.155	23845838.507223677
0.165	24108237.41970615
0.175	24244014.347294126
0.185	24254338.44163813
0.195	24142745.119329225
0.205	23914967.90821323
0.215	23578617.189027965
0.225	23138158.65194646
0.235	22614153.701506767
0.245	22012818.591289356
0.255	21346197.822197184
0.265	20626645.01134461
0.275	19866260.069871005
0.285	19076807.309553552
0.295	18269438.838550124
0.305	17454237.87103205
0.315	16640342.018091163
0.325	15835637.072555024
0.335	15046866.222257705
0.345	14276583.341933653
0.355	13535025.879211867
0.365	12822117.988489533
0.375	12139946.754610606
0.385	11489575.398136264
0.395	10871324.85311565
0.405	10285109.647069043
0.415	9730114.001270438
0.425	9205212.075749679
0.435	8708977.28524773
0.445	8048392.967501811
0.455	7586944.770456669
0.465	7196125.439821015
0.475	6822921.552807746
0.485	6465826.145462642
0.495	6137226.026608147
0.505	5810825.664906049
0.515	5511791.144408698
0.525	5227197.915864888
0.535	4946736.71856153
0.545	4693427.564820375
0.555	4455868.495907713
0.5650000000000001	4234535.952616412
0.575	4020483.76440816
0.585	3833224.4240050944
0.595	3662492.100529361
0.605	3508050.523569638
0.615	3369269.9700765675
0.625	3245227.1090648565
0.635	3127576.3074419606
0.645	3030303.792729325
0.655	2944146.9967951374
0.665	2867642.639204196
0.675	2798013.438770336
0.685	2736870.9738350655
0.695	2681425.6268673344
0.705	2630760.3868443356
0.715	2583924.958884994
0.725	2540276.6682131193
0.735	2494750.3707276527
0.745	2456262.471259316
0.755	2419627.3432140653
0.765	2384675.0690965047
0.775	2351172.8707182594
0.785	2318727.434319704
0.795	2287358.459844767
0.805	2256973.299501009
0.8150000000000001	2227542.0594143416
0.825	2200254.5568056125
0.835	2172530.4497047956
0.845	2145547.643615968
0.855	2119257.9516673894
0.865	2093518.808594528
0.875	2068280.0905614062
0.885	2043503.7295532075
0.895	2019156.872886039
0.905	1995176.5674346113
0.915	1971485.645988114
0.925	1948133.3022918496
0.935	1925002.7333291378
0.9450000000000001	1902155.1201009394
0.955	1879521.4022639724
0.965	1857122.624072729
0.975	1834974.7076345626
0.985	1813032.4485753092
0.9950000000000001	1791364.823442737
1.0050000000000001	1769975.5857393907
1.015	1748895.737476799
1.025	1728160.7960135997
1.035	1707786.047102033
1.045	1685448.2509326637
1.055	1665905.5836801694
1.065	1646812.0393382632
1.075	1628130.646916053
1.085	1609821.2611176968
1.095	1591849.2232497416
1.105	1574288.3731794662
1.115	1557046.297850007
1.125	1540124.581495506
1.135	1523467.7221385562
1.145	1507000.031302991
1.155	1490724.1686659928
1.165	1474636.959340875
1.175	1458694.2551048382
1.185	1442850.7755108897
1.195	1429130.5268205784
1.205	1413576.562402348
1.215	1398133.9767980177
1.225	1382822.5278894892
1.235	1367659.8386296176
1.245	1352657.2797929393
1.2550000000000001	1337848.4076359237
1.2650000000000001	1323225.5118357728
1.275	1308816.5904012104
1.285	1294644.4495790007
1.295	1280709.622608574
1.305	1267016.7941832936
1.315	1253564.580303513
1.325	1240329.180155374
1.335	1227345.504920377
1.345	1214611.299051895
1.355	1202094.2847019697
1.365	1189756.9265228165
1.375	1178261.5921781347
1.385	1166313.2718271264
1.395	1154520.5922383468
1.405	1142879.1214335046
1.415	1131379.4020223967
1.425	1120013.6900274782
1.435	1108765.512261722
1.445	1097610.694369197
1.455	1086596.9227051984
1.465	1075672.177553004
1.475	1064843.840895554
1.485	1054114.1457893336
1.495	1043463.4222972092
1.5050000000000001	1032879.8610707712
1.5150000000000001	1022392.8487903775
1.5250000000000001	1012003.93099721
1.535	1001715.1158962945
1.545	991507.4098072939
1.555	981453.1243554809
1.565	971533.6232680514
1.575	961739.9555817865
1.585	952117.572143497
1.595	942673.4132810227
1.605	933425.4823686817
1.615	924344.5775392301
1.625	915488.5412797112
1.635	906785.6467714905
1.645	898238.4418897569
1.655	889841.9334269222
1.665	881546.4018123396
1.675	873360.6871664148
1.685	865265.1946065626
1.695	857213.3251737503
1.705	849208.1682687205
1.715	841655.8076418933
1.725	833684.1489459852
1.735	825737.9607758459
1.745	817852.3989853445
1.7550000000000001	809954.022581975
1.7650000000000001	803117.4288246797
1.7750000000000001	795330.4833118492
1.785	787619.3853015502
1.795	779954.3476721154
1.805	772390.95121339
1.815	764917.6469562585
1.825	757505.2069110705
1.835	750198.4508504114
1.845	742955.5087118187
1.855	735767.4965423633
1.865	728669.8213265857
1.875	721590.2922887387
1.885	714556.0271369753
1.895	707559.9394471892
1.905	700566.3802264446
1.915	693621.6867842292
1.925	686682.0894711697
1.935	679770.281952492
1.945	672909.9952901611
1.955	666092.1717666482
1.965	659339.5212550573
1.975	652667.2174126542
1.985	646083.5472723263
1.9949999999999999	639603.6571401829
2.0050000000000003	633243.1370614659
2.015	626990.8922566423
2.0250000000000004	621136.6522670563
2.035	615093.5360924836
2.0450000000000004	609166.2219907084
2.055	603315.9528338524
2.0650000000000004	597581.4846623386
2.075	591906.3042963536
2.0850000000000004	586294.942235092
2.095	580725.6747400551
2.1050000000000004	575190.4335004382
2.115	569698.0125091071
2.1250000000000004	564902.238375175
2.1350000000000002	559453.4044014416
2.1450000000000005	554041.7764029617
2.1550000000000002	548648.2091426586
2.1650000000000005	543280.3217760741
2.1750000000000003	537943.495310493
2.185	532643.8891964741
2.1950000000000003	527388.9199636577
2.205	522174.1576430752
2.2150000000000003	517022.60960199556
2.225	511905.23961297324
2.2350000000000003	506842.2919112843
2.245	501813.1570330913
2.2550000000000003	496830.0717164811
2.265	491898.2288220991
2.2750000000000004	486983.96724106895
2.285	482102.9131294241
2.2950000000000004	477256.54792842106
2.305	472641.2059998197
2.3150000000000004	467827.25935880264
2.325	463057.09211889555
2.3350000000000004	458286.34175222093
2.345	453548.23481155426
2.3550000000000004	448849.1954360849
2.365	444192.263435343
2.3750000000000004	439585.3873681846
2.3850000000000002	435021.56869636185
2.3950000000000005	430520.9204905541
2.4050000000000002	426058.8771274687
2.4150000000000005	421666.5288081826
2.4250000000000003	417337.09490513394
2.435	413083.18522708816
2.4450000000000003	408871.3937717367
2.455	405173.35811178834
2.4650000000000003	401066.2819750995
2.475	396998.81362094637
2.4850000000000003	392979.14059605805
2.495	388993.993868915
2.5050000000000003	385050.3449046537
2.515	381137.5800561455
2.5250000000000004	377251.34005948633
2.535	373393.96243338106
2.5450000000000004	369577.7096233873
2.555	365784.5000463067
2.5650000000000004	362009.8646922752
2.575	358409.9166413441
2.5850000000000004	354670.5653163666
2.595	350963.8436130408
2.6050000000000004	347258.5027120608
2.615	343565.8941226209
2.6250000000000004	339875.4194709435
2.6350000000000002	336190.44399163395
2.6450000000000005	332523.59588630864
2.6550000000000002	328847.5207893548
2.6650000000000005	325185.796693124
2.6750000000000003	321518.8863596421
2.685	317861.3417238116
2.6950000000000003	314200.479178721
2.705	310536.21271101205
2.7150000000000003	306877.53047202446
2.725	303212.6692525544
2.7350000000000003	299549.44388181
2.745	295897.2959433159
2.7550000000000003	292576.76695052866
2.765	288941.707123234
2.7750000000000004	285327.5269294479
2.785	281713.4276547827
2.7950000000000004	278121.6307530126
2.805	274548.2251469593
2.8150000000000004	271001.2576182373
2.825	267578.100082527
2.8350000000000004	264080.95005959814
2.845	260620.14381824154
2.8550000000000004	257179.13233719964
2.865	253769.50029172952
2.8750000000000004	250368.7629487584
2.8850000000000002	246990.0532686971
2.8950000000000005	243616.9327200319
2.9050000000000002	240260.08597881137
2.9150000000000005	236890.23700730078
2.9250000000000003	233526.94191962978
2.935	230162.41780771234
2.9450000000000003	226779.14161168
2.955	223398.21281737232
2.9650000000000003	220009.66792113901
2.975	216633.41915265238
2.9850000000000003	213277.39524391072
2.995	209945.4293013112
3.0050000000000003	206649.2793663449
3.015	203415.3686440746
3.0250000000000004	200257.77447594202
3.035	197194.48606969384
3.0450000000000004	194461.72173402944
3.055	191639.02518269248
3.0650000000000004	188967.28195040842
3.075	186438.4924627983
3.0850000000000004	184164.58849187577
3.095	181975.5891020254
3.1050000000000004	179969.77587512528
3.115	178131.61423083482
3.1250000000000004	176454.50377634916
3.1350000000000002	174948.96644570655
3.1450000000000005	173599.59834007337
3.1550000000000002	172385.54923719773
3.1650000000000005	171304.86892097813
3.1750000000000003	170335.8028598945
3.1850000000000005	169488.9448084382
3.1950000000000003	168727.15511788227
3.205	168052.93712573958
3.2150000000000003	167445.5853104566
3.225	166906.68734771595
3.2350000000000003	166409.44544687343
3.245	165970.3942448339
3.2550000000000003	165565.38066107576
3.265	165207.6472743944
3.2750000000000004	164887.45417550963
3.285	164596.33294011027
3.2950000000000004	164330.34875385524
3.305	164095.9747897035
3.3150000000000004	164022.3023435877
3.325	163918.4222427613
3.3350000000000004	163759.3151297241
3.345	163620.61130502593
3.3550000000000004	163491.94462563284
3.365	163391.73519746246
3.3750000000000004	163307.5663978056
3.3850000000000002	163227.12784223436
3.3950000000000005	163160.40589510225
3.4050000000000002	163097.84674759037
3.4150000000000005	163049.11524862619
3.4250000000000003	162998.11004041487
3.4350000000000005	162950.07039853794
3.4450000000000003	162902.26589487088
3.455	162856.47569795605
3.4650000000000003	162803.86551320154
3.475	162744.1493815321
3.4850000000000003	162673.868190505
3.495	162592.2278842562
3.5050000000000003	162500.28264534008
3.515	162390.54598591477
3.5250000000000004	162267.06271255665
3.535	162130.22469076797
3.5450000000000004	161983.5250866743
3.555	161813.26418269082
3.5650000000000004	161625.89010723887
3.575	161496.1031761455
3.5850000000000004	161276.47506934442
3.595	161169.8883084372
3.6050000000000004	160934.18157588434
3.615	160691.4751123698
3.6250000000000004	160449.73401421175
3.6350000000000002	160209.17395097754
3.6450000000000005	159973.57592833808
3.6550000000000002	159743.8546017502
3.6650000000000005	159516.90249815534
3.6750000000000003	159312.67772041165
3.6850000000000005	159118.35112947304
3.6950000000000003	158939.32283524628
3.705	158768.2262616967
3.7150000000000003	158622.0588249213
3.725	158497.3655107562
3.7350000000000003	158389.6353116468
3.745	158294.46680589617
3.7550000000000003	158219.4704796321
3.765	158155.47382453663
3.7750000000000004	158102.93845819074
3.785	158053.6068546243
3.7950000000000004	158009.3067107708
3.805	157968.77688006256
3.8150000000000004	158000.84347817395
3.825	157962.02738458026
3.8350000000000004	157918.03209969617
3.845	157865.21051875837
3.8550000000000004	157917.8612855613
3.865	157852.55980692696
3.8750000000000004	157774.71997005976
3.8850000000000002	157685.83347947686
3.8950000000000005	157587.31845019627
3.9050000000000002	157476.07343365948
3.9150000000000005	157357.91700386972
3.9250000000000003	157233.50630680402
3.9350000000000005	157101.81936272493
3.9450000000000003	156960.3775202823
3.9550000000000005	156815.92035339866
3.9650000000000003	156669.41960694926
3.975	156518.10495860068
3.9850000000000003	156367.76870014344
3.995	156213.38492227587
4.005	156057.2385932322
4.015000000000001	155905.4749125941
4.025	155753.8385082686
4.035	155610.62462005825
4.045	155528.55536214728
4.055000000000001	155374.72665632505
4.065	155231.0552324706
4.075	155086.91002262788
4.085	154940.80432715866
4.095000000000001	154799.08042908148
4.105	154659.80369610345
4.115	154524.20408312912
4.125	154492.2784160196
4.135000000000001	154360.66528284218
4.1450000000000005	154226.9385934347
4.155	154094.98196047405
4.165	153969.07081003962
4.175000000000001	153848.28835317038
4.1850000000000005	153722.627137613
4.195	153598.36506178492
4.205	153481.03665688704
4.215	153368.8501079811
4.2250000000000005	153263.5937430598
4.235	153158.53276353356
4.245	153058.24920996555
4.255	152957.71934257925
4.265000000000001	152866.96886951948
4.275	152779.47688849262
4.285	152745.16989124037
4.295	152650.90867443892
4.305000000000001	152559.21198101845
4.315	152471.38640729155
4.325	152376.63994942192
4.335	152285.28030677585
4.345000000000001	152193.71000711352
4.355	152099.5469790019
4.365	152003.36317838795
4.375	151907.45570763003
4.385000000000001	151902.7744281075
4.3950000000000005	151796.12441685176
4.405	151687.4225889931
4.415	151581.28468333892
4.425000000000001	151470.622968885
4.4350000000000005	151360.12164283972
4.445	151249.19979151915
4.455	151142.1340518529
4.465000000000001	151033.30433430758
4.4750000000000005	150930.18165080255
4.485	150820.33605162794
4.495	150713.27777764195
4.505	150613.95193672722
4.515000000000001	150583.5804885743
4.525	150493.9531051547
4.535	150410.33563459362
4.545	150332.13619864787
4.555000000000001	150255.73683028456
4.565	150190.14965488564
4.575	150131.8330512265
4.585	150078.29230505903
4.595000000000001	150027.10621296204
4.605	149984.68623663124
4.615	149936.17270354662
4.625	149900.9971281193
4.635000000000001	149952.8678580523
4.6450000000000005	149913.96073595912
4.655	149879.57703915428
4.665	149837.29316799974
4.675000000000001	149791.44176411378
4.6850000000000005	149752.05804141308
4.695	149703.85308976538
4.705	149659.37943914896
4.715000000000001	149608.07075177936
4.7250000000000005	149556.97334189602
4.735	149500.4265203427
4.745	149505.8571826325
4.755	149450.21270524687
4.765000000000001	149391.26795681726
4.775	149329.10182009902
4.785	149276.5841937494
4.795	149225.86624046226
4.805000000000001	149177.29490206644
4.815	149127.78492145086
4.825	149083.9231610816
4.835	149046.76508694835
4.845000000000001	149012.65336889605
4.855	148985.2358195818
4.865	148955.1801719728
4.875	148936.47569271352
4.885000000000001	148921.59947325836
4.8950000000000005	148993.7779592964
4.905	148988.11812199734
4.915	148982.7374597394
4.925000000000001	148974.1326482175
4.9350000000000005	148965.06966155398
4.945	148961.05115881012
4.955	148956.20427215743
4.965000000000001	149011.1915159742
4.9750000000000005	149002.04548151806
4.985	148993.15811921147
4.995	148978.64517838543
5.005	148961.88390018512
5.015000000000001	148942.57441780504
5.025	148920.0902931509
5.035	148893.67983849888
5.045	148869.2539269062
5.055000000000001	148838.3006196857
5.065	148803.39339825916
5.075	148764.1869159457
5.085	148726.4657381624
5.095000000000001	148682.22970243776
5.105	148645.73917800252
5.115	148605.8359792701
5.125	148560.49065841438
5.135000000000001	148513.676611094
5.1450000000000005	148549.75705950393
5.155	148499.97839671597
5.165	148450.02960871407
5.175000000000001	148395.30005589538
5.1850000000000005	148342.5897923844
5.195	148341.8877680972
5.205	148281.21879506155
5.215000000000001	148218.6914921155
5.2250000000000005	148154.7807642626
5.235	148085.38482708958
5.245	148013.14876551635
5.255	147938.26269308385
5.265000000000001	147856.79346812936
5.275	147777.53486863436
5.285	147692.61353657968
5.295	147607.40815212778
5.305000000000001	147516.58448352173
5.315	147425.59899125725
5.325	147331.28486197285
5.335	147243.1233770533
5.345000000000001	147148.92095809203
5.355	147062.2299978593
5.365	146977.28862968634
5.375	146894.5350777169
5.385000000000001	146808.4066589073
5.3950000000000005	146810.0085373186
5.405	146739.8873474874
5.415	146721.3126919659
5.425000000000001	146651.9174169355
5.4350000000000005	146579.42145590603
5.445	146509.93794559807
5.455	146440.22664031145
5.465000000000001	146373.66914620664
5.4750000000000005	146312.10969218749
5.485	146248.12898972753
5.495	146182.36491760527
5.505	146111.42631430647
5.515000000000001	146040.76291416644
5.525	145968.61094418087
5.535	145893.12556641691
5.545	145820.95750597812
5.555000000000001	145745.10280499558
5.565	145664.18361872112
5.575	145577.69640586348
5.585	145492.1765647249
5.595000000000001	145408.69647283354
5.605	145321.35941243524
5.615	145232.76711631007
5.625	145143.28250852996
5.635000000000001	145131.18001143957
5.6450000000000005	145090.83977050555
5.655	145007.15020016505
5.665	144921.71789635147
5.675000000000001	144839.29620401206
5.6850000000000005	144757.229050579
5.695	144677.71835445048
5.705	144599.6624997917
5.715000000000001	144524.56120866595
5.7250000000000005	144451.81361397577
5.735	144386.17691928073
5.745	144324.69334435387
5.755	144268.84557864003
5.765000000000001	144219.46032162596
5.775	144169.6096687842
5.785	144123.53763874236
5.795	144077.93849885033
5.805000000000001	144039.2021508287
5.815	144005.71071566115
5.825	143970.77621819204
5.835	143938.70019545485
5.845000000000001	143908.63773590393
5.855	143883.90387613195
5.865	143908.864091338
5.875	143888.56320738493
5.885000000000001	143936.87536200113
5.8950000000000005	143914.6227518996
5.905	143894.5020073786
5.915	143870.86262203893
5.925000000000001	143852.87013990135
5.9350000000000005	143834.45015490885
5.945	143811.58058237028
5.955	143791.98150762866
5.965000000000001	143774.4755737895
5.9750000000000005	143754.28208388138
5.985	143739.1709308121
5.995	143719.91436904165
6.005000000000001	143702.4123970409
6.015000000000001	143691.27344401946
6.025	143671.43597600528
6.035	143652.35249267577
6.045	143636.29790696193
6.055000000000001	143621.8216594652
6.065	143603.28135365807
6.075	143587.76535117885
6.085	143622.00474294997
6.095000000000001	143602.90603212095
6.105	143581.55175839618
6.115	143559.10125875458
6.125	143608.3361714403
6.135000000000001	143586.07952255858
6.1450000000000005	143560.24077448365
6.155	143535.18509853873
6.165	143503.49618406798
6.175000000000001	143466.75987914435
6.1850000000000005	143424.57964917144
6.195	143377.33062932908
6.205	143325.52770275876
6.215000000000001	143275.28906311496
6.2250000000000005	143222.78885754102
6.235	143166.03505593233
6.245	143102.97440101582
6.255000000000001	143037.2459122093
6.265000000000001	142968.181828638
6.275	142894.96287300246
6.285	142822.54498350728
6.295	142753.8693898532
6.305000000000001	142726.06427985392
6.315	142650.32958648758
6.325	142578.23031593012
6.335	142506.029979822
6.345000000000001	142434.29139281303
6.355	142362.91624480966
6.365	142296.70840498674
6.375	142295.8528411185
6.385000000000001	142232.96670707894
6.3950000000000005	142172.28635297492
6.405	142115.0576542908
6.415	142063.0745457839
6.425000000000001	142015.58733228093
6.4350000000000005	141973.41993925362
6.445	141928.64386547194
6.455	141891.55249322258
6.465000000000001	141856.13874473327
6.4750000000000005	141821.17034168984
6.485	141791.3780299087
6.495	141766.3181602141
6.505000000000001	141740.3949513809
6.515000000000001	141718.98696818601
6.525	141741.9871098835
6.535	141729.43600153312
6.545	141713.75574519477
6.555000000000001	141695.1294643786
6.565	141681.00251003806
6.575	141666.8650984596
6.585	141650.85828765325
6.595000000000001	141632.1517087555
6.605	141610.80776679778
6.615	141651.53701597717
6.625	141626.35878869487
6.635000000000001	141599.76276435578
6.6450000000000005	141571.5766943346
6.655	141536.64124352552
6.665	141498.3560050492
6.675000000000001	141457.0406832934
6.6850000000000005	141404.8613962646
6.695	141354.5943020018
6.705	141302.47963702062
6.715000000000001	141244.9585856873
6.7250000000000005	141180.73080006478
6.735	141117.29127821507
6.745	141096.6009729569
6.755000000000001	141025.27752818665
6.765000000000001	140952.5650231879
6.775	140870.07503088508
6.785	140795.01276102033
6.795	140719.28589141378
6.805000000000001	140639.28024234946
6.815	140556.94171653496
6.825	140476.18141037447
6.835	140393.48427373765
6.845000000000001	140312.7463906453
6.855	140292.56087742344
6.865	140209.50833107458
6.875	140136.43896527583
6.885000000000001	140059.85011641413
6.8950000000000005	139989.1676746019
6.905	139918.11897715795
6.915	139852.26350879014
6.925000000000001	139788.67812675712
6.9350000000000005	139724.81109201515
6.945	139665.82155697013
6.955	139654.33541013437
6.965000000000001	139604.2871783294
6.9750000000000005	139557.87662528662
6.985	139515.34715947104
6.995	139472.56872651723
7.005000000000001	139433.68251344794
7.015000000000001	139400.4984973158
7.025	139366.84044187464
7.035	139338.5880881785
7.045	139306.23308388496
7.055000000000001	139280.26796326943
7.065	139252.47381484887
7.075	139223.35881302677
7.085	139199.27042666328
7.095000000000001	139231.7468170847
7.105	139206.04473898347
7.115	139177.30209196985
7.125	139145.767398861
7.135000000000001	139114.80001524944
7.1450000000000005	139081.464646786
7.155	139048.28595513082
7.165	139011.01039495817
7.175000000000001	139018.3310541335
7.1850000000000005	138976.94406163093
7.195	138933.52054041723
7.205	138889.05701192378
7.215000000000001	138841.53831636976
7.2250000000000005	138790.4811209488
7.235	138740.19402435253
7.245	138690.04121866432
7.255000000000001	138639.2497496326
7.265000000000001	138587.91374888687
7.275	138532.40746218179
7.285	138476.50445309185
7.295	138419.11842307603
7.305000000000001	138365.92842498352
7.315	138310.45282357853
7.325	138253.5115027389
7.335	138256.3072674853
7.345000000000001	138205.35640971066
7.355	138152.84552078918
7.365	138101.40285066515
7.375	138053.93698208957
7.385000000000001	138048.11625341748
7.3950000000000005	138005.51216550046
7.405	137964.3775890623
7.415	137921.94243940525
7.425000000000001	137884.51279291764
7.4350000000000005	137850.25775301852
7.445	137815.87412216963
7.455	137785.75066711623
7.465000000000001	137756.1246998154
7.4750000000000005	137731.77187311556
7.485	137709.228214021
7.495	137689.01523340415
7.505000000000001	137675.22327547017
7.515000000000001	137657.90142091352
7.525	137638.9870921196
7.535	137623.2359183565
7.545	137611.55352171525
7.555000000000001	137597.2352029205
7.565	137585.60762882023
7.575	137630.589035899
7.585	137619.23936662002
7.595000000000001	137608.44109894577
7.605	137634.78729695422
7.615	137623.36010281296
7.625	137605.5154301674
7.635000000000001	137586.4366369785
7.6450000000000005	137565.2310733404
7.655	137543.50640976112
7.665	137518.29479090634
7.675000000000001	137491.03116450572
7.6850000000000005	137456.59162410907
7.695	137422.65691460023
7.705	137383.8363118363
7.715000000000001	137341.02636880014
7.7250000000000005	137298.95035309723
7.735	137251.6130484513
7.745	137200.34482182356
7.755000000000001	137148.2765522394
7.765000000000001	137093.1524709015
7.775	137039.76366316536
7.785	136981.8316982235
7.795000000000001	136923.86588218762
7.805000000000001	136914.75167629615
7.815	136888.8883056645
7.825	136826.4836270035
7.835	136765.02567267098
7.845000000000001	136701.99496775775
7.855	136638.9576755738
7.865	136578.89694244604
7.875	136516.00535280653
7.885000000000001	136460.63090512424
7.8950000000000005	136402.68143238433
7.905	136349.64630586357
7.915	136291.58128137732
7.925000000000001	136241.59084563365
7.9350000000000005	136192.96332924176
7.945	136142.7975906727
7.955	136097.7362906601
7.965000000000001	136050.60408926467
7.9750000000000005	136012.37471275925
7.985	135972.5998892623
7.995000000000001	135935.9935908197
8.005	135898.1342125569
8.015	135858.64514953786
8.025	135825.9993343019
8.035	135825.94685736095
8.045	135845.48021561556
8.055	135814.01486141572
8.065	135784.20181567525
8.075000000000001	135752.19531528084
8.085	135721.85343325092
8.095	135690.78627228565
8.105	135661.52020014497
8.115	135629.6723987603
8.125	135598.77348699575
8.135	135565.7198780561
8.145	135531.8967826997
8.155000000000001	135499.94954151733
8.165000000000001	135466.152186731
8.175	135432.19339506034
8.185	135397.49519837223
8.195	135361.96214743482
8.205	135329.2025263483
8.215	135293.2226768703
8.225	135255.68326300275
8.235000000000001	135220.1025351874
8.245000000000001	135222.67031093634
8.255	135185.37068804418
8.265	135151.96201492575
8.275	135166.24038129777
8.285	135133.72654808767
8.295	135101.10855310556
8.305	135070.9173569526
8.315	135043.65518958934
8.325000000000001	135013.32414147057
8.335	134985.78500046692
8.345	134962.00947357732
8.355	134938.00248511374
8.365	134920.03549472158
8.375	134900.9442791513
8.385	134880.9945452861
8.395	134863.27369251082
8.405000000000001	134850.0458692958
8.415000000000001	134835.67426085338
8.425	134825.1459010116
8.435	134814.48805314794
8.445	134802.09547699243
8.455	134829.39878954797
8.465	134818.57871392393
8.475	134810.35924849153
8.485000000000001	134801.1055194697
8.495000000000001	134796.64334807638
8.505	134789.66851803512
8.515	134830.20765113004
8.525	134821.64925618432
8.535	134815.039747346
8.545	134806.73794158685
8.555	134799.00288532322
8.565000000000001	134793.08249812305
8.575000000000001	134783.3990255967
8.585	134773.92586867212
8.595	134765.80456719367
8.605	134757.46437546052
8.615	134745.08604964995
8.625	134734.010574529
8.635	134719.55307286684
8.645	134708.56095609712
8.655000000000001	134692.60252177838
8.665000000000001	134713.06954291565
8.675	134696.22621135108
8.685	134678.30828040253
8.695	134658.27865795456
8.705	134637.8856811383
8.715	134616.14680945262
8.725	134596.07380063043
8.735000000000001	134571.84954060277
8.745000000000001	134590.95481133982
8.755	134562.88224092463
8.765	134533.06442647136
8.775	134500.6609348919
8.785	134466.75094414732
8.795	134432.07111494927
8.805	134394.54486744365
8.815000000000001	134353.56922535424
8.825000000000001	134310.04004602853
8.835	134265.5781343598
8.845	134218.54016089923
8.855	134171.47981190536
8.865	134119.20819126995
8.875	134064.78408562363
8.885	134046.40986555393
8.895	133989.3445307077
8.905000000000001	133933.90990344726
8.915000000000001	133872.99260127402
8.925	133813.9907837761
8.935	133751.92385795392
8.945	133691.87824303377
8.955	133629.9527078938
8.965	133564.83685910367
8.975	133501.6244934614
8.985000000000001	133482.33280079506
8.995000000000001	133420.31583792227
9.005	133355.71190450643
9.015	133292.15045012778
9.025	133229.18605302926
9.035	133168.09121927345
9.045	133106.64638801498
9.055	133046.18050630728
9.065000000000001	132985.14915768392
9.075000000000001	132926.92789771216
9.085	132867.59649765794
9.095	132843.66651562153
9.105	132788.7303842125
9.115	132734.2892639825
9.125	132677.96239621192
9.135	132624.60500804268
9.145	132571.2367680847
9.155000000000001	132523.72105153755
9.165000000000001	132472.5987159663
9.175	132420.21637326517
9.185	132370.88942059502
9.195	132323.28602169847
9.205	132275.38201309272
9.215	132272.479670498
9.225	132228.94603250755
9.235000000000001	132184.88868828013
9.245000000000001	132140.1653373675
9.255	132099.10447024007
9.265	132056.8844299336
9.275	132016.71918261063
9.285	131977.91718570524
9.295	131941.91424253065
9.305	131940.24514519685
9.315000000000001	131905.76330403466
9.325000000000001	131873.4558815898
9.335	131842.4834402062
9.345	131811.69291812234
9.355	131786.8778986076
9.365	131764.33094715505
9.375	131742.73623992843
9.385	131719.60123213596
9.395	131701.24370899986
9.405000000000001	131680.43306982963
9.415000000000001	131663.99281487803
9.425	131651.93301766991
9.435	131640.31402651564
9.445	131673.55838677965
9.455	131666.6042871925
9.465	131661.16148037324
9.475	131655.87957383823
9.485000000000001	131652.3417027758
9.495000000000001	131648.79915332707
9.505	131648.39346928184
9.515	131680.35275292324
9.525	131684.17646478734
9.535	131684.98603007672
9.545	131687.69515891475
9.555	131687.3859873869
9.565000000000001	131688.92285123558
9.575000000000001	131691.22076354746
9.585	131690.19042070996
9.595	131688.62748761414
9.605	131688.1868886707
9.615	131687.56985462434
9.625	131684.8110384697
9.635	131680.95099620515
9.645	131674.04202935725
9.655000000000001	131668.3759408199
9.665000000000001	131657.94429605722
9.675	131688.6248063479
9.685	131678.6180673953
9.695	131665.2663747005
9.705	131650.17452029968
9.715	131635.06559584462
9.725	131647.34239344942
9.735000000000001	131628.1545657331
9.745000000000001	131606.38710988857
9.755	131585.0520341809
9.765	131563.17157482673
9.775	131537.44525722857
9.785	131510.54912966452
9.795	131481.97105396455
9.805	131452.98880069525
9.815000000000001	131422.98836220344
9.825000000000001	131391.3763480055
9.835	131361.04576055866
9.845	131330.14154030976
9.855	131299.2808616796
9.865	131268.53426520425
9.875	131237.0762699994
9.885	131203.14687828725
9.895	131173.19849663187
9.905000000000001	131138.20815407796
9.915000000000001	131144.50538009044
9.925	131113.48111101027
9.935	131110.78624182323
9.945	131078.27663467836
9.955	131046.02405347695
9.965	131013.3012564891
9.975	130984.01939394914
9.985000000000001	130955.00941682537
9.995000000000001	130925.56210464929
10.005	130894.81390368135
10.015	130864.30036738486
10.025	130835.50708817077
10.035	130804.24199989047
10.045	130774.30200048459
10.055	130744.03055048602
10.065000000000001	130713.40022201597
10.075000000000001	130681.76627429973
10.085	130650.27730363436
10.095	130618.42124242098
10.105	130588.29209451983
10.115	130555.76717925626
10.125	130529.71259140832
10.135	130499.60035101701
10.145	130543.11382385506
10.155000000000001	130513.6579792867
10.165000000000001	130485.4989215236
10.175	130459.96559359577
10.185	130434.94918366309
10.195	130406.59463682775
10.205	130382.51337362292
10.215	130354.91700082822
10.225	130332.19877954514
10.235000000000001	130310.16239869059
10.245000000000001	130288.63162016614
10.255	130269.90289447746
10.265	130249.98441615546
10.275	130232.85353440543
10.285	130215.49748713298
10.295	130201.45700929238
10.305	130187.8576616777
10.315000000000001	130175.96483377245
10.325000000000001	130166.82133495504
10.335	130158.91195051838
10.345	130180.77357665729
10.355	130175.26691816209
10.365	130174.78918415218
10.375	130213.05729581381
10.385	130217.08784189235
10.395	130220.74570724816
10.405000000000001	130227.10325602927
10.415000000000001	130237.12509228826
10.425	130248.43700332583
10.435	130259.72323059625
10.445	130274.15280725594
10.455	130291.71555005919
10.465	130310.50782001516
10.475	130332.34752643673
10.485000000000001	130355.61693807197
10.495000000000001	130380.15795776898
10.505	130402.73526723558
10.515	130426.6744265492
10.525	130452.57170582
10.535	130480.00281985143
10.545	130507.31758640222
10.555	130566.60679275423
10.565000000000001	130598.74932121063
10.575000000000001	130625.74238460386
10.585	130654.12636150008
10.595	130681.77513719683
10.605	130747.72093106498
10.615	130775.8022820934
10.625	130799.94175425466
10.635	130824.60393520482
10.645	130849.24381840235
10.655000000000001	130874.44868562784
10.665000000000001	130895.50162937348
10.675	130913.58107997346
10.685	130933.00411249009
10.695	130949.27718226092
10.705	130961.890901369
10.715	130973.84325109172
10.725	130982.02712676612
10.735000000000001	130988.37090666442
10.745000000000001	130990.4387899945
10.755	130989.15310003007
10.765	131016.09445146841
10.775	131011.13979924962
10.785	131002.7363847249
10.795	130992.80444964561
10.805	130980.05537326114
10.815000000000001	130964.07645779978
10.825000000000001	130945.11759107212
10.835	130960.82814258136
10.845	130939.25536039237
10.855	130914.29389313584
10.865	130888.73909137782
10.875	130862.8246415803
10.885	130834.28862999001
10.895	130807.79921430982
10.905000000000001	130777.6921702471
10.915000000000001	130745.8656656222
10.925	130712.17904836996
10.935	130677.51295326801
10.945	130645.61743571458
10.955	130614.03072820703
10.965	130582.21401424194
10.975	130576.82476545557
10.985000000000001	130545.02023866815
10.995000000000001	130514.46625692374
11.005	130484.1655763069
11.015	130454.58071753576
11.025	130425.85781777937
11.035	130400.69676304786
11.045	130372.98879253693
11.055	130348.5686563994
11.065000000000001	130358.27791476979
11.075000000000001	130334.87881689366
11.085	130313.16081560205
11.095	130291.24013710277
11.105	130270.21521251615
11.115	130247.73359572975
11.125	130227.78583975846
11.135	130208.41273015592
11.145	130190.98909156416
11.155000000000001	130172.03973367336
11.165000000000001	130154.72838680964
11.175	130138.7196918419
11.185	130150.05306665259
11.195	130132.41194333218
11.205	130116.05905012722
11.215	130098.8415080974
11.225	130079.81664146492
11.235000000000001	130063.09465411857
11.245000000000001	130044.43378014222
11.255	130028.27182585986
11.265	130007.15880466982
11.275	129988.53017491354
11.285	129966.87119435576
11.295	129981.95249509857
11.305	129962.0899633539
11.315000000000001	129942.76239301682
11.325000000000001	129921.49933038466
11.335	129898.929514086
11.345	129877.55430071491
11.355	129855.37831702552
11.365	129831.47679632109
11.375	129807.75127378402
11.385	129813.3868023401
11.395	129791.65133315368
11.405000000000001	129767.81454398413
11.415000000000001	129745.03254547305
11.425	129723.13869938387
11.435	129702.74291097719
11.445	129682.18785374661
11.455	129662.67382853068
11.465	129641.34842548438
11.475	129623.75973328389
11.485000000000001	129605.4924403179
11.495000000000001	129587.8071814489
11.505	129569.07052404502
11.515	129585.52374229861
11.525	129569.05455837333
11.535	129554.53937439765
11.545	129539.0256876404
11.555	129525.62407060036
11.565000000000001	129510.81228794715
11.575000000000001	129498.67915666632
11.585	129486.47276029321
11.595	129500.51556117694
11.605	129489.43039030883
11.615	129478.66832896201
11.625	129469.07582752618
11.635	129457.33406491486
11.645	129446.46135752344
11.655000000000001	129436.03102584173
11.665000000000001	129427.32417398547
11.675	129416.81503715017
11.685	129406.98482557971
11.695	129399.5086546435
11.705	129390.39546170607
11.715	129378.43048543563
11.725	129367.89990874569
11.735000000000001	129356.56505809513
11.745000000000001	129380.96459784123
11.755	129370.83627987748
11.765	129360.67026451403
11.775	129350.71946609311
11.785	129341.90932521333
11.795	129332.74984084016
11.805	129349.6898619516
11.815000000000001	129337.49449680334
11.825000000000001	129328.25875892708
11.835	129318.74427828129
11.845	129307.22655798498
11.855	129294.41724154692
11.865	129283.57144964361
11.875	129274.77951409039
11.885	129266.89654786853
11.895	129259.1339027381
11.905000000000001	129252.08801530821
11.915000000000001	129244.21120722711
11.925	129239.5375036433
11.935	129233.65984463503
11.945	129231.5039377533
11.955	129229.24118086432
11.965	129226.02686317061
11.975	129256.48838390634
11.985000000000001	129255.49481033765
11.995000000000001	129258.39105179948
12.005	129287.58059188105
12.015	129291.57756898455
12.025	129298.19412288682
12.035	129302.67301591413
12.045	129311.0279063558
12.055	129320.42799760065
12.065000000000001	129328.65119884611
12.075000000000001	129338.50928877966
12.085	129349.86667593145
12.095	129363.13845522596
12.105	129378.7112300034
12.115	129394.77290481931
12.125	129411.40544151014
12.135	129430.06119646724
12.145000000000001	129451.41211109629
12.155000000000001	129473.29664323977
12.165000000000001	129493.59636659606
12.175	129512.26270874027
12.185	129533.20416970798
12.195	129556.72524133556
12.205	129612.62010725384
12.215	129664.00349289253
12.225	129687.87635012597
12.235000000000001	129713.96227526118
12.245000000000001	129742.64462441922
12.255	129769.05129602233
12.265	129796.57173186533
12.275	129823.41423332764
12.285	129851.5154145565
12.295	129879.78933032362
12.305	129909.39464257103
12.315000000000001	129937.91237606536
12.325000000000001	129964.74083063702
12.335	129994.5145803543
12.345	130023.86765049234
12.355	130053.1648792137
12.365	130082.91891009334
12.375	130112.3232536429
12.385	130142.36293725605
12.395000000000001	130172.93669163325
12.405000000000001	130203.12788430904
12.415000000000001	130233.27228413902
12.425	130288.90414266252
12.435	130349.7358821987
12.445	130379.81966176146
12.455	130410.72307590846
12.465	130441.31422187822
12.475	130472.3608473643
12.485000000000001	130506.23533562961
12.495000000000001	130536.63538536438
12.505	130567.89657373208
12.515	130597.7726948414
12.525	130631.73602509763
12.535	130663.45907933767
12.545	130697.4133161445
12.555	130730.81596605689
12.565000000000001	130763.19301454214
12.575000000000001	130797.38267328871
12.585	130832.49029890416
12.595	130869.89885675159
12.605	130905.85587770081
12.615	130944.03430411594
12.625	131008.29266133807
12.635	131049.48635302199
12.645000000000001	131086.08322529952
12.655000000000001	131157.03937954013
12.665000000000001	131199.28515054783
12.675	131243.03817308706
12.685	131286.54797985835
12.695	131329.87794490703
12.705	131374.94362178794
12.715	131420.01150829284
12.725	131466.2718678141
12.735000000000001	131514.64086038532
12.745000000000001	131565.0042080026
12.755	131614.41203108671
12.765	131666.41407041854
12.775	131718.88380856466
12.785	131773.8721734985
12.795	131829.45075249366
12.805	131885.3477981533
12.815000000000001	131940.16800991388
12.825000000000001	131995.1727990722
12.835	132078.0953462788
12.845	132136.4895375796
12.855	132195.3765648424
12.865	132254.99506236476
12.875	132315.25881326044
12.885	132406.50173544147
12.895000000000001	132466.79680015834
12.905000000000001	132528.32953142552
12.915000000000001	132591.49644575664
12.925	132652.10471749777
12.935	132714.86865721567
12.945	132776.32437482104
12.955	132837.94138929714
12.965	132900.0583262962
12.975	132962.59008490545
12.985000000000001	133024.38083623355
12.995000000000001	133084.38164619534
13.005	133143.28459034706
13.015	133203.30174548778
13.025	133261.02299189562
13.035	133341.11429818725
13.045	133394.4329635755
13.055	133447.14701288482
13.065000000000001	133499.3229923738
13.075000000000001	133550.84867968285
13.085	133599.3034807961
13.095	133645.62830248493
13.105	133689.24399042406
13.115	133762.8647788832
13.125	133801.53153777414
13.135	133842.25088250032
13.145000000000001	133876.6962292525
13.155000000000001	133909.73404358682
13.165000000000001	133940.42225013743
13.175	133968.28430042302
13.185	133991.10847946518
13.195	134010.24665929677
13.205	134022.8413568914
13.215	134032.3271784111
13.225	134037.9923285099
13.235000000000001	134040.23028662754
13.245000000000001	134053.8058798501
13.255	134044.367008016
13.265	134027.73426802
13.275	134006.39383149755
13.285	133978.4898158186
13.295	133946.878196106
13.305	133906.9288187846
13.315000000000001	133856.95330552253
13.325000000000001	133800.07683355093
13.335	133766.01337747826
13.345	133692.5973514945
13.355	133610.95370257215
13.365	133520.68573468542
13.375	133423.7788794566
13.385	133313.05048346557
13.395000000000001	133192.53166069905
13.405000000000001	133062.03950319538
13.415000000000001	132919.71573010212
13.425	132763.83957806788
13.435	132596.02696097188
13.445	132414.94859042243
13.455	132231.34663010944
13.465	132023.81859651842
13.475	131802.24477010127
13.485000000000001	131564.60912003522
13.495000000000001	131311.78385754052
13.505	131043.1257930927
13.515	130759.64158512135
13.525	130458.59070916518
13.535	130140.79234381978
13.545	129805.72896621286
13.555	129451.36307185667
13.565000000000001	129108.93016747339
13.575000000000001	128719.81596694175
13.585	128311.13327669328
13.595	127881.26798716234
13.605	127432.68325235785
13.615	126962.91281458059
13.625	126473.40476852244
13.635	125963.03190851121
13.645000000000001	125431.64427807144
13.655000000000001	124883.82619270468
13.665000000000001	124307.91606842508
13.675	123709.95527785446
13.685	123090.46330301819
13.695	122445.97687345478
13.705	121780.37214303327
13.715	121092.89512943856
13.725	120380.03922789589
13.735000000000001	119645.51936586064
13.745000000000001	118886.18296318075
13.755	118103.26856289552
13.765	117298.18334694969
13.775	116471.08483781267
13.785	115620.08590901364
13.795	114775.88957074813
13.805	113879.47116251598
13.815000000000001	112961.16547002595
13.825000000000001	112018.15238921206
13.835	111053.91319584486
13.845	110067.16743978957
13.855	109058.36433345458
13.865	108028.052639337
13.875	106975.6581278948
13.885	105902.82721575616
13.895000000000001	104808.68886814076
13.905000000000001	103692.513817979
13.915000000000001	102559.3636667416
13.925	101405.50283558652
13.935	100234.58474225439
13.945	99045.1576792587
13.955	97837.19788533998
13.965	96614.05996522495
13.975	95373.14352202258
13.985000000000001	94117.27652329342
13.995000000000001	92846.12209107605
14.005	91561.20754096107
14.015	90292.29345454401
14.025	88981.24032555107
14.035	87657.56418467357
14.045	86324.70740400974
14.055	84981.0715047458
14.065000000000001	83628.38584197102
14.075000000000001	82265.25449854194
14.085	80896.55035298223
14.095	79520.44371734673
14.105	78139.90766538611
14.115	76752.27481185894
14.125	75361.74589975459
14.135	73967.19987044614
14.145000000000001	72570.70580789726
14.155000000000001	71173.47397892966
14.165000000000001	69774.8445085034
14.175	68378.92267531593
14.185	66983.24487359713
14.195	65589.76889614653
14.205	64200.60032860068
14.215	62816.49735128983
14.225	61435.9616952208
14.235000000000001	60061.61158855418
14.245000000000001	58723.31281946137
14.255	57364.112211221436
14.265	56013.98727874787
14.275	54672.145906152866
14.285	53339.65256381098
14.295	52019.174556368685
14.305	50710.15622814346
14.315000000000001	49413.961277257105
14.325000000000001	48129.81435047384
14.335	46857.76599858668
14.345	45603.04416992546
14.355	44361.554354263295
14.365	43135.49581076144
14.375	41924.69902721279
14.385	40730.43145844682
14.395000000000001	39552.81030687445
14.405000000000001	38393.05760663525
14.415000000000001	37251.39854489825
14.425	36128.19945175351
14.435	35023.63159760039
14.445	33937.78509447071
14.455	32870.601129266564
14.465	31850.006813516346
14.475	30822.417737500193
14.485000000000001	29815.686147361397
14.495000000000001	28829.30581059685
14.505	27861.462884169043
14.515	26914.252756165617
14.525	25988.19850566255
14.535	25082.555354489978
14.545	24198.169892545764
14.555	23332.962768203597
14.565000000000001	22489.927675528204
14.575000000000001	21665.187994982807
14.585	20862.84063277686
14.595	20079.584770492493
14.605	19316.900742511592
14.615	18574.874377641016
14.625	17853.03147841287
14.635	17151.9383597439
14.645000000000001	16471.10098881164
14.655000000000001	15810.365782443538
14.665000000000001	15168.131420300859
14.675	14544.254590948955
14.685	13940.505968017644
14.695	13376.62131335128
14.705	12810.500106162246
14.715	12261.996361511308
14.725	11731.27295971225
14.735000000000001	11217.953153098333
14.745000000000001	10722.630529190401
14.755	10243.056185208661
14.765	9780.963602057052
14.775	9335.85983595738
14.785	8906.613846909639
14.795	8492.30340497536
14.805	8094.120924748272
14.815000000000001	7710.660667309311
14.825000000000001	7340.308317293311
14.835	6984.349595579934
14.845	6644.571415205599
14.855	6317.153659823613
14.865	6003.0079630591035
14.875	5701.921560817622
14.885	5414.429333849326
14.895000000000001	5138.501131393589
14.905000000000001	4873.894568826083
14.915000000000001	4621.253141052918
14.925	4392.243522602852
14.935	4160.765925736279
14.945	3939.8473865350475
14.955	3727.8972185775965
14.965	3525.476525258633
14.975	3333.4308830034774
14.985000000000001	3149.6898521710764
14.995000000000001	2974.5646591385344
15.005	2808.440536257087
15.015	2649.7921725776387
15.025	2498.98305484301
15.035	2356.1075620678616
15.045	2220.0995471763895
15.055	2089.6883919704405
15.065000000000001	1966.3157817705148
15.075000000000001	1850.0956014707388
15.085	1738.3021309574083
15.095	1633.2821084293394
15.105	1534.3356676754715
15.115	1440.5774405721972
15.125	1351.4116914892184
15.135	1266.8851157941303
15.145000000000001	1193.9939781723938
15.155000000000001	1118.7535713248408
15.165000000000001	1047.7887783308308
15.175	980.556828993517
15.185	917.6413755810232
15.195	858.3567916223601
15.205	801.635443993348
15.215	748.9089174685853
15.225	699.5204871571691
15.235000000000001	652.7387238070374
15.245000000000001	608.9567916167889
15.255	567.9402102579955
15.265	529.3564559275438
15.275	492.55753121780293
15.285	458.5470275027643
15.295	426.27644456759936
15.305	395.71374109325006
15.315000000000001	367.6716817734418
15.325000000000001	341.61918816201035
15.335	316.8185090039156
15.345	293.3805362843426
15.355	271.9505134549741
15.365	252.02074638918677
15.375	235.508858469425
15.385	217.90587592982064
15.395000000000001	201.47268906271046
15.405000000000001	186.2513342403725
15.415000000000001	172.2763635521773
15.425	159.16234579084406
15.435	146.7932942494406
15.445	135.4792102391286
15.455	125.0778003784571
15.465	115.09159650284366
15.475000000000001	106.04526728296331
15.485000000000001	97.55913520301972
15.495000000000001	89.66023432342006
15.505	82.16554474271214
15.515	75.37734186635926
15.525	69.05771310141584
15.535	62.895384653860965
15.545	57.636101613085664
15.555	52.536402249945816
15.565000000000001	48.076778202331546
15.575000000000001	43.917695408481066
15.585	40.04233714208056
15.595	37.058636857880195
15.605	33.86222338728806
15.615	30.92122439729923
15.625	27.92153042465892
15.635	25.26546705158853
15.645000000000001	22.979611582163766
15.655000000000001	20.945135266919173
15.665000000000001	19.036240959115343
15.675	17.174611376376344
15.685	15.541512891616469
15.695	13.93783226384033
15.705	12.401663167157995
15.715	11.369662007309307
15.725000000000001	10.317077784536892
15.735000000000001	9.19391118786633
15.745000000000001	8.270170304237462
15.755	7.4914631449442535
15.765	6.639711106805186
15.775	5.912694809533953
15.785	5.281128104968052
15.795	4.775343442664241
15.805	4.193532899968489
15.815000000000001	3.736482700748547
15.825000000000001	3.412403249041005
15.835	3.078103627415118
15.845	2.735628344854741
15.855	2.438753237806964
15.865	2.131467587161979
15.875	1.8505570494516244
15.885	1.576442437741527
15.895000000000001	1.3797205160441244
15.905000000000001	1.1999025185393979
15.915000000000001	0.9821837601254922
15.925	0.8561928181557343
15.935	0.7771313818763916
15.945	0.668215959887573
15.955	0.5871709994412838
15.965	0.4949029905456204
15.975000000000001	0.3926852229984123
15.985000000000001	0.3369665237469387
