5.0	0.0	0
15.0	0.0	0
25.0	0.0	0
35.0	0.0	0
45.0	0.0	0
55.0	0.0	0
65.0	0.0	0
75.0	0.0	0
85.0	0.0	0
95.0	0.0	0
105.0	0.0	0
115.0	0.0	0
125.0	0.0	0
135.0	0.0	0
145.0	0.0	0
155.0	0.0	0
165.0	0.0	0
175.0	0.0	0
185.0	0.0	0
195.0	0.0	0
205.0	0.0	0
215.0	0.0	0
225.0	0.0	0
235.0	0.0	0
245.0	0.0	0
255.0	0.0	0
265.0	0.0	0
275.0	0.0	0
285.0	0.0	0
295.0	0.0	0
305.0	0.0	0
315.0	0.0	0
325.0	0.0	0
335.0	0.0	0
345.0	0.0	0
355.0	0.0	0
365.0	0.0	0
375.0	0.0	0
385.0	0.0	0
395.0	0.0	0
405.0	0.0	0
415.0	0.0	0
425.0	0.0	0
435.0	0.0	0
445.0	0.0	0
455.0	0.0	0
465.0	0.0	0
475.0	0.0	0
485.0	0.0	0
495.0	0.0	0
505.0	0.0	0
515.0	0.0	0
525.0	0.0	0
535.0	0.0	0
545.0	0.0	0
555.0	0.0	0
565.0	0.0	0
575.0	0.0	0
585.0	0.0	0
595.0	0.0	0
605.0	0.0	0
615.0	0.0	0
625.0	0.0	0
635.0	0.5690359508830161	0
645.0	1.4877874823873074	0
655.0	2.9964711477131534	0
665.0	5.212764660865181	0
675.0	8.578232197764667	0
685.0	13.454563415749703	0
695.0	20.59531871118628	0
705.0	29.809238277236844	0
715.0	41.892736552294814	0
725.0	57.398098135449196	0
735.0	76.58448899635817	0
745.0	99.71332790483902	0
755.0	126.7406122961187	0
765.0	157.52526485106466	0
775.0	191.48254080528756	0
785.0	227.82944075711637	0
795.0	265.73172075032153	0
805.0	304.02168546827494	0
815.0	341.77043937708703	0
825.0	378.1343058443979	0
835.0	411.52962746802456	0
845.0	441.74328666298436	0
855.0	468.30186509971094	0
865.0	491.05469947760895	0
875.0	510.0419598686388	0
885.0	525.5482406741978	0
895.0	537.9009287694794	0
905.0	547.5812080482168	0
915.0	555.0768685767106	0
925.0	560.7263653965042	0
935.0	564.9497623376961	0
945.0	568.0490415781068	0
955.0	570.6378090261284	0
965.0	572.1694716272573	0
975.0	572.5636931098016	0
985.0	572.6850728573066	0
995.0	572.526850298187	0
1005.0	572.2475289132366	0
1015.0	571.6645960013126	0
1025.0	570.8768173796225	0
1035.0	570.1556118175752	0
1045.0	569.9384002338898	0
1055.0	568.9358481020457	0
1065.0	568.0332542592317	0
1075.0	567.3122575423934	0
1085.0	566.989818318853	0
1095.0	566.5046463772505	0
1105.0	566.1623015223123	0
1115.0	566.031818082707	0
1125.0	565.903781185483	0
1135.0	566.005982372689	0
1145.0	566.3105295849165	0
1155.0	566.6111629278982	0
1165.0	567.1044865393856	0
1175.0	567.4733560837146	0
1185.0	568.1011267837781	0
1195.0	569.3546322253959	0
1205.0	569.9604760767864	0
1215.0	570.5574772741913	0
1225.0	571.3189431081117	0
1235.0	571.7066834950255	0
1245.0	572.0721315275682	0
1255.0	572.34139054437	0
1265.0	572.5565735931153	0
1275.0	572.7509557193262	0
1285.0	572.8768726867359	0
1295.0	572.9609768954923	0
1305.0	573.1612246489619	0
1315.0	573.4626664137104	0
1325.0	573.8176270642184	0
1335.0	574.3300195346025	0
1345.0	575.5456325300541	0
1355.0	576.2226449079305	0
1365.0	577.4172112681316	0
1375.0	578.341199163614	0
1385.0	579.3751105175979	0
1395.0	580.397362633407	0
1405.0	581.4346171318259	0
1415.0	582.4632190806343	0
1425.0	583.4732548812106	0
1435.0	584.4035577047473	0
1445.0	585.2154974681168	0
1455.0	586.0656976520007	0
1465.0	586.7469576733014	0
1475.0	587.3131379863028	0
1485.0	587.812920267981	0
1495.0	588.9058510870798	0
1505.0	589.6748376111642	0
1515.0	590.1394916334342	0
1525.0	590.5559561261134	0
1535.0	590.9296912435341	0
1545.0	591.3796201253721	0
1555.0	591.7504821834683	0
1565.0	592.1196549768897	0
1575.0	592.4738174815575	0
1585.0	592.7456352786458	0
1595.0	592.9989622862998	0
1605.0	593.0827517851399	0
1615.0	593.1082552538029	0
1625.0	593.0313843280405	0
1635.0	592.7930144046667	0
1645.0	592.8322991366692	0
1655.0	592.9178599580418	0
1665.0	592.3074619073648	0
1675.0	591.5597619645777	0
1685.0	590.5988186190823	0
1695.0	589.585722712574	0
1705.0	588.3055798935751	0
1715.0	586.8757659153607	0
1725.0	585.2885172828907	0
1735.0	583.4642186955401	0
1745.0	581.428055489326	0
1755.0	579.1123976242167	0
1765.0	576.6339146524781	0
1775.0	573.8634365328802	0
1785.0	570.8083614831246	0
1795.0	567.7739095984654	0
1805.0	564.2247707392094	0
1815.0	560.8921176196188	0
1825.0	556.7638206192468	0
1835.0	552.4268940806023	0
1845.0	547.8800668768426	0
1855.0	543.098724380994	0
1865.0	538.1465328121724	0
1875.0	533.0518547067941	0
1885.0	527.8835192596806	0
1895.0	522.6403528205052	0
1905.0	517.4479458269647	0
1915.0	512.3089558615449	0
1925.0	507.18348065029585	0
1935.0	502.17963539444213	0
1945.0	497.55301985425757	0
1955.0	492.8047022671374	0
1965.0	488.30954354254357	0
1975.0	484.48426730593053	0
1985.0	480.34454356975635	0
1995.0	476.41624170207507	0
2005.0	472.6794559252395	0
2015.0	469.10037930050254	0
2025.0	465.70457843852756	0
2035.0	462.448327329637	0
2045.0	459.3332299898933	0
2055.0	456.339302078046	0
2065.0	453.44163541598436	0
2075.0	450.66744764519086	0
2085.0	447.97156648350557	0
2095.0	445.5102764660814	0
2105.0	442.8997317298166	0
2115.0	440.33227272219557	0
2125.0	437.7716958485257	0
2135.0	435.67790337854035	0
2145.0	433.16893039201096	0
2155.0	430.7039453015193	0
2165.0	428.2546732468801	0
2175.0	425.807801379968	0
2185.0	423.39277239606395	0
2195.0	420.9595404876993	0
2205.0	418.6297670527182	0
2215.0	416.3241467541056	0
2225.0	414.06148809635204	0
2235.0	411.87349801683956	0
2245.0	409.76617925451876	0
2255.0	407.90639896330737	0
2265.0	405.92722694440454	0
2275.0	404.05460059455754	0
2285.0	402.28986970246376	0
2295.0	400.6464881953435	0
2305.0	399.3314571454881	0
2315.0	397.7279045247493	0
2325.0	396.20500859131255	0
2335.0	394.7368604055972	0
2345.0	393.27757864739243	0
2355.0	391.86307583997126	0
2365.0	390.41026514893014	0
2375.0	388.9804997502336	0
2385.0	387.54265820381477	0
2395.0	386.05115487101915	0
2405.0	384.5738372409125	0
2415.0	383.16824472370354	0
2425.0	381.45126296435893	0
2435.0	379.5964871155306	0
2445.0	377.6899499611578	0
2455.0	375.6322422476545	0
2465.0	373.425210875212	0
2475.0	371.3324765837242	0
2485.0	368.77748410005006	0
2495.0	365.9669602279915	0
2505.0	362.89778135392936	0
2515.0	359.5098262138748	0
2525.0	355.84086873984336	0
2535.0	351.71111727476153	0
2545.0	347.14635932643284	0
2555.0	342.1346866739926	0
2565.0	336.5107641357903	0
2575.0	330.32913581432933	0
2585.0	323.4589565447759	0
2595.0	315.9374935954512	0
2605.0	307.70352149685976	0
2615.0	298.70794117255855	0
2625.0	288.98025650926166	0
2635.0	278.509239233323	0
2645.0	267.60096422510276	0
2655.0	255.76250102578058	0
2665.0	243.3586196447467	0
2675.0	230.39657347124503	0
2685.0	217.01685277402603	0
2695.0	203.26485803204437	0
2705.0	189.34692079443968	0
2715.0	175.31487115712218	0
2725.0	161.3293032616489	0
2735.0	147.53482626798885	0
2745.0	134.01374037822737	0
2755.0	120.9283201221651	0
2765.0	108.33758320814323	0
2775.0	96.36828591120667	0
2785.0	85.07159964046866	0
2795.0	74.55547177120992	0
2805.0	64.79698024952611	0
2815.0	55.86673189293598	0
2825.0	48.00570373205679	0
2835.0	40.72971281692548	0
2845.0	34.289729829342605	0
2855.0	28.606987070753423	0
2865.0	23.629410440893007	0
2875.0	19.33752354941838	0
2885.0	15.655603006015127	0
2895.0	12.551260687214773	0
2905.0	9.938272294386046	0
2915.0	7.7701417930395404	0
2925.0	5.996283438781367	0
2935.0	4.54453542992781	0
2945.0	3.372577938185442	0
2955.0	2.4264904700536305	0
2965.0	1.6838257790725837	0
2975.0	1.1192288041242917	0
2985.0	0.640480504941311	0
2995.0	0.3157582421764971	0
3005.0	0.23993723549922671	0
3015.0	0.02687561469322616	0
3025.0	0.0070004920553509	0
3035.0	0.00821871799076155	0
3045.0	0.009569879851269345	0
3055.0	0.011051870490108943	0
3065.0	0.012658783849783469	0
3075.0	0.01438053612175021	0
3085.0	0.016202613274541817	0
3095.0	0.018105976470033657	0
3105.0	0.020067151683148238	0
3115.0	0.022058522106777737	0
3125.0	0.02404883193246458	0
3135.0	0.02600389834829758	0
3145.0	0.028335075387927292	0
3155.0	0.030238468443486325	0
3165.0	0.0320275950934879	0
3175.0	0.033672965738394	0
3185.0	0.035148527331435524	0
3195.0	0.0364328391752768	0
3205.0	0.037510095587282924	0
3215.0	0.038370930413209596	0
3225.0	0.0390129476457523	0
3235.0	0.03944093588145643	0
3245.0	0.03966674125883743	0
3255.0	0.03970879279900465	0
3265.0	0.03959129444010802	0
3275.0	0.03934311812770194	0
3285.0	0.03941639766766537	0
3295.0	0.039123030808631644	0
3305.0	0.03882740545989942	0
3315.0	0.03856742694778001	0
3325.0	0.03837854131320571	0
3335.0	0.03829229367693623	0
3345.0	0.0387873829659177	0
3355.0	0.039103678116117	0
3365.0	0.03961171180929554	0
3375.0	0.040323038234774365	0
3385.0	0.04124255630850341	0
3395.0	0.04236873675117147	0
3405.0	0.043694096873495604	0
3415.0	0.045205874783467846	0
3425.0	0.04688684565762569	0
3435.0	0.048716218024470063	0
3445.0	0.050670547870907315	0
3455.0	0.052724612652146924	0
3465.0	0.05485219550098043	0
3475.0	0.05702674135959715	0
3485.0	0.05922186044437348	0
3495.0	0.06141166930286797	0
3505.0	0.06357097456811013	0
3515.0	0.06567531821379716	0
3525.0	0.06770091462600926	0
3535.0	0.06962451827660068	0
3545.0	0.07142326560285175	0
3555.0	0.07266320195941825	0
3565.0	0.07424362540795237	0
3575.0	0.0756099058102623	0
3585.0	0.0767443871095497	0
3595.0	0.07762929296825152	0
3605.0	0.07824720076669954	0
3615.0	0.07858163760069148	0
3625.0	0.07861776873220624	0
3635.0	0.07834313993419188	0
3645.0	0.07774842884142556	0
3655.0	0.07682815730766625	0
3665.0	0.07558131714050387	0
3675.0	0.07401186541865121	0
3685.0	0.072129052591244	0
3695.0	0.06994755616621978	0
3705.0	0.06748740427104152	0
3715.0	0.06477368584302196	0
3725.0	0.06183605675715023	0
3735.0	0.05870806293278115	0
3745.0	0.055426311581553415	0
3755.0	0.05202952962968628	0
3765.0	0.0485575535300696	0
3775.0	0.045050296956989797	0
3785.0	0.04154674225690609	0
3795.0	0.0380839982282768	0
3805.0	0.034696461213517826	0
3815.0	0.03141510912992314	0
3825.0	0.02781938995743146	0
3835.0	0.024929449397745856	0
3845.0	0.022192010769014725	0
3855.0	0.019624478997720674	0
3865.0	0.017239139916075476	0
3875.0	0.015043446174628206	0
3885.0	0.013040418082637634	0
3895.0	0.011229130796581308	0
3905.0	0.009605259113480202	0
3915.0	0.008161652377502115	0
3925.0	0.007249730546748142	0
3935.0	0.006227708272783707	0
3945.0	0.005372865317037182	0
3955.0	0.004675653171272967	0
3965.0	0.004126632523868769	0
3975.0	0.003716821089560586	0
3985.0	0.003018015109646505	0
3995.0	0.0029571148199549102	0
4005.0	0.0029941081974150787	0
4015.0	0.0031272478873124636	0
4025.0	0.0033552876753363057	0
4035.0	0.0036774313711557833	0
4045.0	0.0036409358200330034	0
4055.0	0.004250059453325769	0
4065.0	0.004932212926999846	0
4075.0	0.005690539718177012	0
4085.0	0.006527245250357242	0
4095.0	0.007443397857535801	0
4105.0	0.008438735323588643	0
4115.0	0.009511485029606139	0
4125.0	0.01065820630124019	0
4135.0	0.011873663760548823	0
4145.0	0.013150740293155007	0
4155.0	0.014480397599790081	0
4165.0	0.015851691191660126	0
4175.0	0.017251845117999605	0
4185.0	0.01866638971698457	0
4195.0	0.020079363322889142	0
4205.0	0.02147357623644304	0
4215.0	0.022830932490233567	0
4225.0	0.024132802154543255	0
4235.0	0.025360434281003878	0
4245.0	0.02649539822464062	0
4255.0	0.027520039165191797	0
4265.0	0.028417932295068216	0
4275.0	0.0291743194566964	0
4285.0	0.02977651206458701	0
4295.0	0.0302142449651008	0
4305.0	0.030479967453383654	0
4315.0	0.030569059921653298	0
4325.0	0.030479967453383654	0
4335.0	0.0302142449651008	0
4345.0	0.02977651206458701	0
4355.0	0.0291743194566964	0
4365.0	0.028417932295068216	0
4375.0	0.027520039165191797	0
4385.0	0.02649539822464062	0
4395.0	0.025360434281003878	0
4405.0	0.024132802154543255	0
4415.0	0.022830932490233567	0
4425.0	0.02147357623644304	0
4435.0	0.020079363322889142	0
4445.0	0.01866638971698457	0
4455.0	0.017251845117999605	0
4465.0	0.015851691191660126	0
4475.0	0.014480397599790081	0
4485.0	0.013150740293155007	0
4495.0	0.011873663760548823	0
4505.0	0.01065820630124019	0
4515.0	0.009511485029606139	0
4525.0	0.008438735323588643	0
4535.0	0.007443397857535802	0
4545.0	0.006527245250357242	0
4555.0	0.005690539718177012	0
4565.0	0.004932212926999846	0
4575.0	0.00425005945332577	0
4585.0	0.0036409358200330034	0
4595.0	0.0031009579105293872	0
4605.0	0.0026256905995719806	0
4615.0	0.0022103245970988474	0
4625.0	0.0018498367087760995	0
4635.0	0.0015391309083946424	0
4645.0	0.0012731587379100748	0
4655.0	0.0010470185580985646	0
4665.0	0.0008560340365458646	0
4675.0	0.0006958129624998365	0
4685.0	0.0009127028602925382	0
4695.0	0.0008799737093552072	0
4705.0	0.0005208670363154858	0
4715.0	0.0006305580187636862	0
4725.0	0.0007597555717954208	0
4735.0	0.0009111154179914253	0
4745.0	0.0010874857114756354	0
4755.0	0.0012918865730755162	0
4765.0	0.0015274811909653028	0
4775.0	0.0017975377485963651	0
4785.0	0.002105381630342357	0
4795.0	0.0024543376017256984	0
4805.0	0.002847661964690925	0
4815.0	0.0032884650454636836	0
4825.0	0.003779624776030202	0
4835.0	0.004323692569583775	0
4845.0	0.004922793151243431	0
4855.0	0.0055785204704338525	0
4865.0	0.006291832270094606	0
4875.0	0.00706294629771064	0
4885.0	0.007891241490078657	0
4895.0	0.008775167723637711	0
4905.0	0.0097121678721283	0
4915.0	0.010698615932876458	0
4925.0	0.011729774855678337	0
4935.0	0.012799777422981145	0
4945.0	0.013901633082272904	0
4955.0	0.015027263024279943	0
4965.0	0.01616756504483928	0
4975.0	0.01731250884361653	0
4985.0	0.018451261426704717	0
4995.0	0.01957234122739954	0
5005.0	0.020663798480986883	0
5015.0	0.02171341833042113	0
5025.0	0.022708942147786716	0
5035.0	0.023638301678760847	0
5045.0	0.024489859898629802	0
5055.0	0.025252651948286697	0
5065.0	0.025916619229061008	0
5075.0	0.026472829698636725	0
5085.0	0.026913677637973348	0
5095.0	0.02723305665014073	0
5105.0	0.02742650039285686	0
5115.0	0.027491286511621336	0
5125.0	0.02742650039285686	0
5135.0	0.02723305665014073	0
5145.0	0.026913677637973348	0
5155.0	0.026472829698636725	0
5165.0	0.025916619229061008	0
5175.0	0.025252651948286697	0
5185.0	0.024489859898629802	0
5195.0	0.023638301678760847	0
5205.0	0.022708942147786716	0
5215.0	0.02171341833042113	0
5225.0	0.020663798480986883	0
5235.0	0.01957234122739954	0
5245.0	0.018451261426704717	0
5255.0	0.01731250884361653	0
5265.0	0.01616756504483928	0
5275.0	0.015027263024279943	0
5285.0	0.013901633082272904	0
5295.0	0.012799777422981145	0
5305.0	0.011729774855678337	0
5315.0	0.010698615932876458	0
5325.0	0.0097121678721283	0
5335.0	0.008775167723637711	0
5345.0	0.007891241490078657	0
5355.0	0.00706294629771064	0
5365.0	0.006291832270094606	0
5375.0	0.0055785204704338525	0
5385.0	0.004922793151243431	0
5395.0	0.004323692569583775	0
5405.0	0.003779624776030202	0
5415.0	0.0032884650454636836	0
5425.0	0.002847661964690925	0
5435.0	0.0024543376017256984	0
5445.0	0.002105381630342357	0
5455.0	0.0017975377485963651	0
5465.0	0.0015274811909653028	0
5475.0	0.0012918865730755162	0
5485.0	0.0010874857114756354	0
5495.0	0.0009111154179914253	0
5505.0	0.0007597555717954208	0
5515.0	0.0006305580187636862	0
5525.0	0.0005208670363154858	0
5535.0	0.00042823223467390733	0
5545.0	0.0	0
5555.0	0.0	0
5565.0	0.0	0
5575.0	0.0	0
5585.0	0.0	0
5595.0	0.0	0
5605.0	0.0	0
5615.0	0.0	0
5625.0	0.0	0
5635.0	0.0	0
5645.0	0.0	0
5655.0	0.0	0
5665.0	0.0	0
5675.0	0.0	0
5685.0	0.0	0
5695.0	0.0	0
5705.0	0.0	0
5715.0	0.0	0
5725.0	0.0	0
5735.0	0.0	0
5745.0	0.0	0
5755.0	0.0	0
5765.0	0.0	0
5775.0	0.0	0
5785.0	0.0	0
5795.0	0.0	0
5805.0	0.0	0
5815.0	0.0	0
5825.0	0.0	0
5835.0	0.0	0
5845.0	0.0	0
5855.0	0.0	0
5865.0	0.0	0
5875.0	0.0	0
5885.0	0.0	0
5895.0	0.0	0
5905.0	0.0	0
5915.0	0.0	0
5925.0	0.0	0
5935.0	0.0	0
5945.0	0.0	0
5955.0	0.0	0
5965.0	0.0	0
5975.0	0.0	0
5985.0	0.0	0
5995.0	0.0	0
6005.0	0.0	0
6015.0	0.0	0
6025.0	0.0	0
6035.0	0.0	0
6045.0	0.0	0
6055.0	0.0	0
6065.0	0.0	0
6075.0	0.0	0
6085.0	0.0	0
6095.0	0.0	0
6105.0	0.0	0
6115.0	0.0	0
6125.0	0.0	0
6135.0	0.0	0
6145.0	0.0	0
6155.0	0.0	0
6165.0	0.0	0
6175.0	0.0	0
6185.0	0.0	0
6195.0	0.0	0
6205.0	0.0	0
6215.0	0.0	0
6225.0	0.0	0
6235.0	0.0	0
6245.0	0.0	0
6255.0	0.0	0
6265.0	0.0	0
6275.0	0.0	0
6285.0	0.0	0
6295.0	0.0	0
6305.0	0.0	0
6315.0	0.0	0
6325.0	0.0	0
6335.0	0.0	0
6345.0	0.0	0
6355.0	0.0	0
6365.0	0.0	0
6375.0	0.0	0
6385.0	0.0	0
6395.0	0.0	0
6405.0	0.0	0
6415.0	0.0	0
6425.0	0.0	0
6435.0	0.0	0
6445.0	0.0	0
6455.0	0.0	0
6465.0	0.0	0
6475.0	0.0	0
6485.0	0.0	0
6495.0	0.0	0
6505.0	0.0	0
6515.0	0.0	0
6525.0	0.0	0
6535.0	0.0	0
6545.0	0.0	0
6555.0	0.0	0
6565.0	0.0	0
6575.0	0.0	0
6585.0	0.0	0
6595.0	0.0	0
6605.0	0.0	0
6615.0	0.0	0
6625.0	0.0	0
6635.0	0.0	0
6645.0	0.0	0
6655.0	0.0	0
6665.0	0.0	0
6675.0	0.0	0
6685.0	0.0	0
6695.0	0.0	0
6705.0	0.0	0
6715.0	0.0	0
6725.0	0.0	0
6735.0	0.0	0
6745.0	0.0	0
6755.0	0.0	0
6765.0	0.0	0
6775.0	0.0	0
6785.0	0.0	0
6795.0	0.0	0
6805.0	0.0	0
6815.0	0.0	0
6825.0	0.0	0
6835.0	0.0	0
6845.0	0.0	0
6855.0	0.0	0
6865.0	0.0	0
6875.0	0.0	0
6885.0	0.0	0
6895.0	0.0	0
6905.0	0.0	0
6915.0	0.0	0
6925.0	0.0	0
6935.0	0.0	0
6945.0	0.0	0
6955.0	0.0	0
6965.0	0.0	0
6975.0	0.0	0
6985.0	0.0	0
6995.0	0.0	0
7005.0	0.0	0
7015.0	0.0	0
7025.0	0.0	0
7035.0	0.0	0
7045.0	0.0	0
7055.0	0.0	0
7065.0	0.0	0
7075.0	0.0	0
7085.0	0.0	0
7095.0	0.0	0
7105.0	0.0	0
7115.0	0.0	0
7125.0	0.0	0
7135.0	0.0	0
7145.0	0.0	0
7155.0	0.0	0
7165.0	0.0	0
7175.0	0.0	0
7185.0	0.0	0
7195.0	0.0	0
7205.0	0.0	0
7215.0	0.0	0
7225.0	0.0	0
7235.0	0.0	0
7245.0	0.0	0
7255.0	0.0	0
7265.0	0.0	0
7275.0	0.0	0
7285.0	0.0	0
7295.0	0.0	0
7305.0	0.0	0
7315.0	0.0	0
7325.0	0.0	0
7335.0	0.0	0
7345.0	0.0	0
7355.0	0.0	0
7365.0	0.0	0
7375.0	0.0	0
7385.0	0.0	0
7395.0	0.0	0
7405.0	0.0	0
7415.0	0.0	0
7425.0	0.0	0
7435.0	0.0	0
7445.0	0.0	0
7455.0	0.0	0
7465.0	0.0	0
7475.0	0.0	0
7485.0	0.0	0
7495.0	0.0	0
7505.0	0.0	0
7515.0	0.0	0
7525.0	0.0	0
7535.0	0.0	0
7545.0	0.0	0
7555.0	0.0	0
7565.0	0.0	0
7575.0	0.0	0
7585.0	0.0	0
7595.0	0.0	0
7605.0	0.0	0
7615.0	0.0	0
7625.0	0.0	0
7635.0	0.0	0
7645.0	0.0	0
7655.0	0.0	0
7665.0	0.0	0
7675.0	0.0	0
7685.0	0.0	0
7695.0	0.0	0
7705.0	0.0	0
7715.0	0.0	0
7725.0	0.0	0
7735.0	0.0	0
7745.0	0.0	0
7755.0	0.0	0
7765.0	0.0	0
7775.0	0.0	0
7785.0	0.0	0
7795.0	0.0	0
7805.0	0.0	0
7815.0	0.0	0
7825.0	0.0	0
7835.0	0.0	0
7845.0	0.0	0
7855.0	0.0	0
7865.0	0.0	0
7875.0	0.0	0
7885.0	0.0	0
7895.0	0.0	0
7905.0	0.0	0
7915.0	0.0	0
7925.0	0.0	0
7935.0	0.0	0
7945.0	0.0	0
7955.0	0.0	0
7965.0	0.0	0
7975.0	0.0	0
7985.0	0.0	0
7995.0	0.0	0
8005.0	0.0	0
8015.0	0.0	0
8025.0	0.0	0
8035.0	0.0	0
8045.0	0.0	0
8055.0	0.0	0
8065.0	0.0	0
8075.0	0.0	0
8085.0	0.0	0
8095.0	0.0	0
8105.0	0.0	0
8115.0	0.0	0
8125.0	0.0	0
8135.0	0.0	0
8145.0	0.0	0
8155.0	0.0	0
8165.0	0.0	0
8175.0	0.0	0
8185.0	0.0	0
8195.0	0.0	0
8205.0	0.0	0
8215.0	0.0	0
8225.0	0.0	0
8235.0	0.0	0
8245.0	0.0	0
8255.0	0.0	0
8265.0	0.0	0
8275.0	0.0	0
8285.0	0.0	0
8295.0	0.0	0
8305.0	0.0	0
8315.0	0.0	0
8325.0	0.0	0
8335.0	0.0	0
8345.0	0.0	0
8355.0	0.0	0
8365.0	0.0	0
8375.0	0.0	0
8385.0	0.0	0
8395.0	0.0	0
8405.0	0.0	0
8415.0	0.0	0
8425.0	0.0	0
8435.0	0.0	0
8445.0	0.0	0
8455.0	0.0	0
8465.0	0.0	0
8475.0	0.0	0
8485.0	0.0	0
8495.0	0.0	0
8505.0	0.0	0
8515.0	0.0	0
8525.0	0.0	0
8535.0	0.0	0
8545.0	0.0	0
8555.0	0.0	0
8565.0	0.0	0
8575.0	0.0	0
8585.0	0.0	0
8595.0	0.0	0
8605.0	0.0	0
8615.0	0.0	0
8625.0	0.0	0
8635.0	0.0	0
8645.0	0.0	0
8655.0	0.0	0
8665.0	0.0	0
8675.0	0.0	0
8685.0	0.0	0
8695.0	0.0	0
8705.0	0.0	0
8715.0	0.0	0
8725.0	0.0	0
8735.0	0.0	0
8745.0	0.0	0
8755.0	0.0	0
8765.0	0.0	0
8775.0	0.0	0
8785.0	0.0	0
8795.0	0.0	0
8805.0	0.0	0
8815.0	0.0	0
8825.0	0.0	0
8835.0	0.0	0
8845.0	0.0	0
8855.0	0.0	0
8865.0	0.0	0
8875.0	0.0	0
8885.0	0.0	0
8895.0	0.0	0
8905.0	0.0	0
8915.0	0.0	0
8925.0	0.0	0
8935.0	0.0	0
8945.0	0.0	0
8955.0	0.0	0
8965.0	0.0	0
8975.0	0.0	0
8985.0	0.0	0
8995.0	0.0	0
9005.0	0.0	0
9015.0	0.0	0
9025.0	0.0	0
9035.0	0.0	0
9045.0	0.0	0
9055.0	0.0	0
9065.0	0.0	0
9075.0	0.0	0
9085.0	0.0	0
9095.0	0.0	0
9105.0	0.0	0
9115.0	0.0	0
9125.0	0.0	0
9135.0	0.0	0
9145.0	0.0	0
9155.0	0.0	0
9165.0	0.0	0
9175.0	0.0	0
9185.0	0.0	0
9195.0	0.0	0
9205.0	0.0	0
9215.0	0.0	0
9225.0	0.0	0
9235.0	0.0	0
9245.0	0.0	0
9255.0	0.0	0
9265.0	0.0	0
9275.0	0.0	0
9285.0	0.0	0
9295.0	0.0	0
9305.0	0.0	0
9315.0	0.0	0
9325.0	0.0	0
9335.0	0.0	0
9345.0	0.0	0
9355.0	0.0	0
9365.0	0.0	0
9375.0	0.0	0
9385.0	0.0	0
9395.0	0.0	0
9405.0	0.0	0
9415.0	0.0	0
9425.0	0.0	0
9435.0	0.0	0
9445.0	0.0	0
9455.0	0.0	0
9465.0	0.0	0
9475.0	0.0	0
9485.0	0.0	0
9495.0	0.0	0
9505.0	0.0	0
9515.0	0.0	0
9525.0	0.0	0
9535.0	0.0	0
9545.0	0.0	0
9555.0	0.0	0
9565.0	0.0	0
9575.0	0.0	0
9585.0	0.0	0
9595.0	0.0	0
9605.0	0.0	0
9615.0	0.0	0
9625.0	0.0	0
9635.0	0.0	0
9645.0	0.0	0
9655.0	0.0	0
9665.0	0.0	0
9675.0	0.0	0
9685.0	0.0	0
9695.0	0.0	0
9705.0	0.0	0
9715.0	0.0	0
9725.0	0.0	0
9735.0	0.0	0
9745.0	0.0	0
9755.0	0.0	0
9765.0	0.0	0
9775.0	0.0	0
9785.0	0.0	0
9795.0	0.0	0
9805.0	0.0	0
9815.0	0.0	0
9825.0	0.0	0
9835.0	0.0	0
9845.0	0.0	0
9855.0	0.0	0
9865.0	0.0	0
9875.0	0.0	0
9885.0	0.0	0
9895.0	0.0	0
9905.0	0.0	0
9915.0	0.0	0
9925.0	0.0	0
9935.0	0.0	0
9945.0	0.0	0
9955.0	0.0	0
9965.0	0.0	0
9975.0	0.0	0
9985.0	0.0	0
9995.0	0.0	0
10005.0	0.0	0
10015.0	0.0	0
10025.0	0.0	0
10035.0	0.0	0
10045.0	0.0	0
10055.0	0.0	0
10065.0	0.0	0
10075.0	0.0	0
10085.0	0.0	0
10095.0	0.0	0
10105.0	0.0	0
10115.0	0.0	0
10125.0	0.0	0
10135.0	0.0	0
10145.0	0.0	0
10155.0	0.0	0
10165.0	0.0	0
10175.0	0.0	0
10185.0	0.0	0
10195.0	0.0	0
10205.0	0.0	0
10215.0	0.0	0
10225.0	0.0	0
10235.0	0.0	0
10245.0	0.0	0
10255.0	0.0	0
10265.0	0.0	0
10275.0	0.0	0
10285.0	0.0	0
10295.0	0.0	0
10305.0	0.0	0
10315.0	0.0	0
10325.0	0.0	0
10335.0	0.0	0
10345.0	0.0	0
10355.0	0.0	0
10365.0	0.0	0
10375.0	0.0	0
10385.0	0.0	0
10395.0	0.0	0
10405.0	0.0	0
10415.0	0.0	0
10425.0	0.0	0
10435.0	0.0	0
10445.0	0.0	0
10455.0	0.0	0
10465.0	0.0	0
10475.0	0.0	0
10485.0	0.0	0
10495.0	0.0	0
10505.0	0.0	0
10515.0	0.0	0
10525.0	0.0	0
10535.0	0.0	0
10545.0	0.0	0
10555.0	0.0	0
10565.0	0.0	0
10575.0	0.0	0
10585.0	0.0	0
10595.0	0.0	0
10605.0	0.0	0
10615.0	0.0	0
10625.0	0.0	0
10635.0	0.0	0
10645.0	0.0	0
10655.0	0.0	0
10665.0	0.0	0
10675.0	0.0	0
10685.0	0.0	0
10695.0	0.0	0
10705.0	0.0	0
10715.0	0.0	0
10725.0	0.0	0
10735.0	0.0	0
10745.0	0.0	0
10755.0	0.0	0
10765.0	0.0	0
10775.0	0.0	0
10785.0	0.0	0
10795.0	0.0	0
10805.0	0.0	0
10815.0	0.0	0
10825.0	0.0	0
10835.0	0.0	0
10845.0	0.0	0
10855.0	0.0	0
10865.0	0.0	0
10875.0	0.0	0
10885.0	0.0	0
10895.0	0.0	0
10905.0	0.0	0
10915.0	0.0	0
10925.0	0.0	0
10935.0	0.0	0
10945.0	0.0	0
10955.0	0.0	0
10965.0	0.0	0
10975.0	0.0	0
10985.0	0.0	0
10995.0	0.0	0
11005.0	0.0	0
11015.0	0.0	0
11025.0	0.0	0
11035.0	0.0	0
11045.0	0.0	0
11055.0	0.0	0
11065.0	0.0	0
11075.0	0.0	0
11085.0	0.0	0
11095.0	0.0	0
11105.0	0.0	0
11115.0	0.0	0
11125.0	0.0	0
11135.0	0.0	0
11145.0	0.0	0
11155.0	0.0	0
11165.0	0.0	0
11175.0	0.0	0
11185.0	0.0	0
11195.0	0.0	0
11205.0	0.0	0
11215.0	0.0	0
11225.0	0.0	0
11235.0	0.0	0
11245.0	0.0	0
11255.0	0.0	0
11265.0	0.0	0
11275.0	0.0	0
11285.0	0.0	0
11295.0	0.0	0
11305.0	0.0	0
11315.0	0.0	0
11325.0	0.0	0
11335.0	0.0	0
11345.0	0.0	0
11355.0	0.0	0
11365.0	0.0	0
11375.0	0.0	0
11385.0	0.0	0
11395.0	0.0	0
11405.0	0.0	0
11415.0	0.0	0
11425.0	0.0	0
11435.0	0.0	0
11445.0	0.0	0
11455.0	0.0	0
11465.0	0.0	0
11475.0	0.0	0
11485.0	0.0	0
11495.0	0.0	0
11505.0	0.0	0
11515.0	0.0	0
11525.0	0.0	0
11535.0	0.0	0
11545.0	0.0	0
11555.0	0.0	0
11565.0	0.0	0
11575.0	0.0	0
11585.0	0.0	0
11595.0	0.0	0
11605.0	0.0	0
11615.0	0.0	0
11625.0	0.0	0
11635.0	0.0	0
11645.0	0.0	0
11655.0	0.0	0
11665.0	0.0	0
11675.0	0.0	0
11685.0	0.0	0
11695.0	0.0	0
11705.0	0.0	0
11715.0	0.0	0
11725.0	0.0	0
11735.0	0.0	0
11745.0	0.0	0
11755.0	0.0	0
11765.0	0.0	0
11775.0	0.0	0
11785.0	0.0	0
11795.0	0.0	0
11805.0	0.0	0
11815.0	0.0	0
11825.0	0.0	0
11835.0	0.0	0
11845.0	0.0	0
11855.0	0.0	0
11865.0	0.0	0
11875.0	0.0	0
11885.0	0.0	0
11895.0	0.0	0
11905.0	0.0	0
11915.0	0.0	0
11925.0	0.0	0
11935.0	0.0	0
11945.0	0.0	0
11955.0	0.0	0
11965.0	0.0	0
11975.0	0.0	0
11985.0	0.0	0
11995.0	0.0	0
12005.0	0.0	0
12015.0	0.0	0
12025.0	0.0	0
12035.0	0.0	0
12045.0	0.0	0
12055.0	0.0	0
12065.0	0.0	0
12075.0	0.0	0
12085.0	0.0	0
12095.0	0.0	0
12105.0	0.0	0
12115.0	0.0	0
12125.0	0.0	0
12135.0	0.0	0
12145.0	0.0	0
12155.0	0.0	0
12165.0	0.0	0
12175.0	0.0	0
12185.0	0.0	0
12195.0	0.0	0
12205.0	0.0	0
12215.0	0.0	0
12225.0	0.0	0
12235.0	0.0	0
12245.0	0.0	0
12255.0	0.0	0
12265.0	0.0	0
12275.0	0.0	0
12285.0	0.0	0
12295.0	0.0	0
12305.0	0.0	0
12315.0	0.0	0
12325.0	0.0	0
12335.0	0.0	0
12345.0	0.0	0
12355.0	0.0	0
12365.0	0.0	0
12375.0	0.0	0
12385.0	0.0	0
12395.0	0.0	0
12405.0	0.0	0
12415.0	0.0	0
12425.0	0.0	0
12435.0	0.0	0
12445.0	0.0	0
12455.0	0.0	0
12465.0	0.0	0
12475.0	0.0	0
12485.0	0.0	0
12495.0	0.0	0
12505.0	0.0	0
12515.0	0.0	0
12525.0	0.0	0
12535.0	0.0	0
12545.0	0.0	0
12555.0	0.0	0
12565.0	0.0	0
12575.0	0.0	0
12585.0	0.0	0
12595.0	0.0	0
12605.0	0.0	0
12615.0	0.0	0
12625.0	0.0	0
12635.0	0.0	0
12645.0	0.0	0
12655.0	0.0	0
12665.0	0.0	0
12675.0	0.0	0
12685.0	0.0	0
12695.0	0.0	0
12705.0	0.0	0
12715.0	0.0	0
12725.0	0.0	0
12735.0	0.0	0
12745.0	0.0	0
12755.0	0.0	0
12765.0	0.0	0
12775.0	0.0	0
12785.0	0.0	0
12795.0	0.0	0
12805.0	0.0	0
12815.0	0.0	0
12825.0	0.0	0
12835.0	0.0	0
12845.0	0.0	0
12855.0	0.0	0
12865.0	0.0	0
12875.0	0.0	0
12885.0	0.0	0
12895.0	0.0	0
12905.0	0.0	0
12915.0	0.0	0
12925.0	0.0	0
12935.0	0.0	0
12945.0	0.0	0
12955.0	0.0	0
12965.0	0.0	0
12975.0	0.0	0
12985.0	0.0	0
12995.0	0.0	0
13005.0	0.0	0
13015.0	0.0	0
13025.0	0.0	0
13035.0	0.0	0
13045.0	0.0	0
13055.0	0.0	0
13065.0	0.0	0
13075.0	0.0	0
13085.0	0.0	0
13095.0	0.0	0
13105.0	0.0	0
13115.0	0.0	0
13125.0	0.0	0
13135.0	0.0	0
13145.0	0.0	0
13155.0	0.0	0
13165.0	0.0	0
13175.0	0.0	0
13185.0	0.0	0
13195.0	0.0	0
13205.0	0.0	0
13215.0	0.0	0
13225.0	0.0	0
13235.0	0.0	0
13245.0	0.0	0
13255.0	0.0	0
13265.0	0.0	0
13275.0	0.0	0
13285.0	0.0	0
13295.0	0.0	0
13305.0	0.0	0
13315.0	0.0	0
13325.0	0.0	0
13335.0	0.0	0
13345.0	0.0	0
13355.0	0.0	0
13365.0	0.0	0
13375.0	0.0	0
13385.0	0.0	0
13395.0	0.0	0
13405.0	0.0	0
13415.0	0.0	0
13425.0	0.0	0
13435.0	0.0	0
13445.0	0.0	0
13455.0	0.0	0
13465.0	0.0	0
13475.0	0.0	0
13485.0	0.0	0
13495.0	0.0	0
13505.0	0.0	0
13515.0	0.0	0
13525.0	0.0	0
13535.0	0.0	0
13545.0	0.0	0
13555.0	0.0	0
13565.0	0.0	0
13575.0	0.0	0
13585.0	0.0	0
13595.0	0.0	0
13605.0	0.0	0
13615.0	0.0	0
13625.0	0.0	0
13635.0	0.0	0
13645.0	0.0	0
13655.0	0.0	0
13665.0	0.0	0
13675.0	0.0	0
13685.0	0.0	0
13695.0	0.0	0
13705.0	0.0	0
13715.0	0.0	0
13725.0	0.0	0
13735.0	0.0	0
13745.0	0.0	0
13755.0	0.0	0
13765.0	0.0	0
13775.0	0.0	0
13785.0	0.0	0
13795.0	0.0	0
13805.0	0.0	0
13815.0	0.0	0
13825.0	0.0	0
13835.0	0.0	0
13845.0	0.0	0
13855.0	0.0	0
13865.0	0.0	0
13875.0	0.0	0
13885.0	0.0	0
13895.0	0.0	0
13905.0	0.0	0
13915.0	0.0	0
13925.0	0.0	0
13935.0	0.0	0
13945.0	0.0	0
13955.0	0.0	0
13965.0	0.0	0
13975.0	0.0	0
13985.0	0.0	0
13995.0	0.0	0
14005.0	0.0	0
14015.0	0.0	0
14025.0	0.0	0
14035.0	0.0	0
14045.0	0.0	0
14055.0	0.0	0
14065.0	0.0	0
14075.0	0.0	0
14085.0	0.0	0
14095.0	0.0	0
14105.0	0.0	0
14115.0	0.0	0
14125.0	0.0	0
14135.0	0.0	0
14145.0	0.0	0
14155.0	0.0	0
14165.0	0.0	0
14175.0	0.0	0
14185.0	0.0	0
14195.0	0.0	0
14205.0	0.0	0
14215.0	0.0	0
14225.0	0.0	0
14235.0	0.0	0
14245.0	0.0	0
14255.0	0.0	0
14265.0	0.0	0
14275.0	0.0	0
14285.0	0.0	0
14295.0	0.0	0
14305.0	0.0	0
14315.0	0.0	0
14325.0	0.0	0
14335.0	0.0	0
14345.0	0.0	0
14355.0	0.0	0
14365.0	0.0	0
14375.0	0.0	0
14385.0	0.0	0
14395.0	0.0	0
14405.0	0.0	0
14415.0	0.0	0
14425.0	0.0	0
14435.0	0.0	0
14445.0	0.0	0
14455.0	0.0	0
14465.0	0.0	0
14475.0	0.0	0
14485.0	0.0	0
14495.0	0.0	0
14505.0	0.0	0
14515.0	0.0	0
14525.0	0.0	0
14535.0	0.0	0
14545.0	0.0	0
14555.0	0.0	0
14565.0	0.0	0
14575.0	0.0	0
14585.0	0.0	0
14595.0	0.0	0
14605.0	0.0	0
14615.0	0.0	0
14625.0	0.0	0
14635.0	0.0	0
14645.0	0.0	0
14655.0	0.0	0
14665.0	0.0	0
14675.0	0.0	0
14685.0	0.0	0
14695.0	0.0	0
14705.0	0.0	0
14715.0	0.0	0
14725.0	0.0	0
14735.0	0.0	0
14745.0	0.0	0
14755.0	0.0	0
14765.0	0.0	0
14775.0	0.0	0
14785.0	0.0	0
14795.0	0.0	0
14805.0	0.0	0
14815.0	0.0	0
14825.0	0.0	0
14835.0	0.0	0
14845.0	0.0	0
14855.0	0.0	0
14865.0	0.0	0
14875.0	0.0	0
14885.0	0.0	0
14895.0	0.0	0
14905.0	0.0	0
14915.0	0.0	0
14925.0	0.0	0
14935.0	0.0	0
14945.0	0.0	0
14955.0	0.0	0
14965.0	0.0	0
14975.0	0.0	0
14985.0	0.0	0
14995.0	0.0	0
15005.0	0.0	0
15015.0	0.0	0
15025.0	0.0	0
15035.0	0.0	0
15045.0	0.0	0
15055.0	0.0	0
15065.0	0.0	0
15075.0	0.0	0
15085.0	0.0	0
15095.0	0.0	0
15105.0	0.0	0
15115.0	0.0	0
15125.0	0.0	0
15135.0	0.0	0
15145.0	0.0	0
15155.0	0.0	0
15165.0	0.0	0
15175.0	0.0	0
15185.0	0.0	0
15195.0	0.0	0
15205.0	0.0	0
15215.0	0.0	0
15225.0	0.0	0
15235.0	0.0	0
15245.0	0.0	0
15255.0	0.0	0
15265.0	0.0	0
15275.0	0.0	0
15285.0	0.0	0
15295.0	0.0	0
15305.0	0.0	0
15315.0	0.0	0
15325.0	0.0	0
15335.0	0.0	0
15345.0	0.0	0
15355.0	0.0	0
15365.0	0.0	0
15375.0	0.0	0
15385.0	0.0	0
15395.0	0.0	0
15405.0	0.0	0
15415.0	0.0	0
15425.0	0.0	0
15435.0	0.0	0
15445.0	0.0	0
15455.0	0.0	0
15465.0	0.0	0
15475.0	0.0	0
15485.0	0.0	0
15495.0	0.0	0
15505.0	0.0	0
15515.0	0.0	0
15525.0	0.0	0
15535.0	0.0	0
15545.0	0.0	0
15555.0	0.0	0
15565.0	0.0	0
15575.0	0.0	0
15585.0	0.0	0
15595.0	0.0	0
15605.0	0.0	0
15615.0	0.0	0
15625.0	0.0	0
15635.0	0.0	0
15645.0	0.0	0
15655.0	0.0	0
15665.0	0.0	0
15675.0	0.0	0
15685.0	0.0	0
15695.0	0.0	0
15705.0	0.0	0
15715.0	0.0	0
15725.0	0.0	0
15735.0	0.0	0
15745.0	0.0	0
15755.0	0.0	0
15765.0	0.0	0
15775.0	0.0	0
15785.0	0.0	0
15795.0	0.0	0
15805.0	0.0	0
15815.0	0.0	0
15825.0	0.0	0
15835.0	0.0	0
15845.0	0.0	0
15855.0	0.0	0
15865.0	0.0	0
15875.0	0.0	0
15885.0	0.0	0
15895.0	0.0	0
15905.0	0.0	0
15915.0	0.0	0
15925.0	0.0	0
15935.0	0.0	0
15945.0	0.0	0
15955.0	0.0	0
15965.0	0.0	0
15975.0	0.0	0
15985.0	0.0	0
15995.0	0.0	0
16005.0	0.0	0
16015.0	0.0	0
16025.0	0.0	0
16035.0	0.0	0
16045.0	0.0	0
16055.0	0.0	0
16065.0	0.0	0
16075.0	0.0	0
16085.0	0.0	0
16095.0	0.0	0
16105.0	0.0	0
16115.0	0.0	0
16125.0	0.0	0
16135.0	0.0	0
16145.0	0.0	0
16155.0	0.0	0
16165.0	0.0	0
16175.0	0.0	0
16185.0	0.0	0
16195.0	0.0	0
16205.0	0.0	0
16215.0	0.0	0
16225.0	0.0	0
16235.0	0.0	0
16245.0	0.0	0
16255.0	0.0	0
16265.0	0.0	0
16275.0	0.0	0
16285.0	0.0	0
16295.0	0.0	0
16305.0	0.0	0
16315.0	0.0	0
16325.0	0.0	0
16335.0	0.0	0
16345.0	0.0	0
16355.0	0.0	0
16365.0	0.0	0
16375.0	0.0	0
16385.0	0.0	0
16395.0	0.0	0
16405.0	0.0	0
16415.0	0.0	0
16425.0	0.0	0
16435.0	0.0	0
16445.0	0.0	0
16455.0	0.0	0
16465.0	0.0	0
16475.0	0.0	0
16485.0	0.0	0
16495.0	0.0	0
16505.0	0.0	0
16515.0	0.0	0
16525.0	0.0	0
16535.0	0.0	0
16545.0	0.0	0
16555.0	0.0	0
16565.0	0.0	0
16575.0	0.0	0
16585.0	0.0	0
16595.0	0.0	0
16605.0	0.0	0
16615.0	0.0	0
16625.0	0.0	0
16635.0	0.0	0
16645.0	0.0	0
16655.0	0.0	0
16665.0	0.0	0
16675.0	0.0	0
16685.0	0.0	0
16695.0	0.0	0
16705.0	0.0	0
16715.0	0.0	0
16725.0	0.0	0
16735.0	0.0	0
16745.0	0.0	0
16755.0	0.0	0
16765.0	0.0	0
16775.0	0.0	0
16785.0	0.0	0
16795.0	0.0	0
16805.0	0.0	0
16815.0	0.0	0
16825.0	0.0	0
16835.0	0.0	0
16845.0	0.0	0
16855.0	0.0	0
16865.0	0.0	0
16875.0	0.0	0
16885.0	0.0	0
16895.0	0.0	0
16905.0	0.0	0
16915.0	0.0	0
16925.0	0.0	0
16935.0	0.0	0
16945.0	0.0	0
16955.0	0.0	0
16965.0	0.0	0
16975.0	0.0	0
16985.0	0.0	0
16995.0	0.0	0
17005.0	0.0	0
17015.0	0.0	0
17025.0	0.0	0
17035.0	0.0	0
17045.0	0.0	0
17055.0	0.0	0
17065.0	0.0	0
17075.0	0.0	0
17085.0	0.0	0
17095.0	0.0	0
17105.0	0.0	0
17115.0	0.0	0
17125.0	0.0	0
17135.0	0.0	0
17145.0	0.0	0
17155.0	0.0	0
17165.0	0.0	0
17175.0	0.0	0
17185.0	0.0	0
17195.0	0.0	0
17205.0	0.0	0
17215.0	0.0	0
17225.0	0.0	0
17235.0	0.0	0
17245.0	0.0	0
17255.0	0.0	0
17265.0	0.0	0
17275.0	0.0	0
17285.0	0.0	0
17295.0	0.0	0
17305.0	0.0	0
17315.0	0.0	0
17325.0	0.0	0
17335.0	0.0	0
17345.0	0.0	0
17355.0	0.0	0
17365.0	0.0	0
17375.0	0.0	0
17385.0	0.0	0
17395.0	0.0	0
17405.0	0.0	0
17415.0	0.0	0
17425.0	0.0	0
17435.0	0.0	0
17445.0	0.0	0
17455.0	0.0	0
17465.0	0.0	0
17475.0	0.0	0
17485.0	0.0	0
17495.0	0.0	0
17505.0	0.0	0
17515.0	0.0	0
17525.0	0.0	0
17535.0	0.0	0
17545.0	0.0	0
17555.0	0.0	0
17565.0	0.0	0
17575.0	0.0	0
17585.0	0.0	0
17595.0	0.0	0
17605.0	0.0	0
17615.0	0.0	0
17625.0	0.0	0
17635.0	0.0	0
17645.0	0.0	0
17655.0	0.0	0
17665.0	0.0	0
17675.0	0.0	0
17685.0	0.0	0
17695.0	0.0	0
17705.0	0.0	0
17715.0	0.0	0
17725.0	0.0	0
17735.0	0.0	0
17745.0	0.0	0
17755.0	0.0	0
17765.0	0.0	0
17775.0	0.0	0
17785.0	0.0	0
17795.0	0.0	0
17805.0	0.0	0
17815.0	0.0	0
17825.0	0.0	0
17835.0	0.0	0
17845.0	0.0	0
17855.0	0.0	0
17865.0	0.0	0
17875.0	0.0	0
17885.0	0.0	0
17895.0	0.0	0
17905.0	0.0	0
17915.0	0.0	0
17925.0	0.0	0
17935.0	0.0	0
17945.0	0.0	0
17955.0	0.0	0
17965.0	0.0	0
17975.0	0.0	0
17985.0	0.0	0
17995.0	0.0	0
18005.0	0.0	0
18015.0	0.0	0
18025.0	0.0	0
18035.0	0.0	0
18045.0	0.0	0
18055.0	0.0	0
18065.0	0.0	0
18075.0	0.0	0
18085.0	0.0	0
18095.0	0.0	0
18105.0	0.0	0
18115.0	0.0	0
18125.0	0.0	0
18135.0	0.0	0
18145.0	0.0	0
18155.0	0.0	0
18165.0	0.0	0
18175.0	0.0	0
18185.0	0.0	0
18195.0	0.0	0
18205.0	0.0	0
18215.0	0.0	0
18225.0	0.0	0
18235.0	0.0	0
18245.0	0.0	0
18255.0	0.0	0
18265.0	0.0	0
18275.0	0.0	0
18285.0	0.0	0
18295.0	0.0	0
18305.0	0.0	0
18315.0	0.0	0
18325.0	0.0	0
18335.0	0.0	0
18345.0	0.0	0
18355.0	0.0	0
18365.0	0.0	0
18375.0	0.0	0
18385.0	0.0	0
18395.0	0.0	0
18405.0	0.0	0
18415.0	0.0	0
18425.0	0.0	0
18435.0	0.0	0
18445.0	0.0	0
18455.0	0.0	0
18465.0	0.0	0
18475.0	0.0	0
18485.0	0.0	0
18495.0	0.0	0
18505.0	0.0	0
18515.0	0.0	0
18525.0	0.0	0
18535.0	0.0	0
18545.0	0.0	0
18555.0	0.0	0
18565.0	0.0	0
18575.0	0.0	0
18585.0	0.0	0
18595.0	0.0	0
18605.0	0.0	0
18615.0	0.0	0
18625.0	0.0	0
18635.0	0.0	0
18645.0	0.0	0
18655.0	0.0	0
18665.0	0.0	0
18675.0	0.0	0
18685.0	0.0	0
18695.0	0.0	0
18705.0	0.0	0
18715.0	0.0	0
18725.0	0.0	0
18735.0	0.0	0
18745.0	0.0	0
18755.0	0.0	0
18765.0	0.0	0
18775.0	0.0	0
18785.0	0.0	0
18795.0	0.0	0
18805.0	0.0	0
18815.0	0.0	0
18825.0	0.0	0
18835.0	0.0	0
18845.0	0.0	0
18855.0	0.0	0
18865.0	0.0	0
18875.0	0.0	0
18885.0	0.0	0
18895.0	0.0	0
18905.0	0.0	0
18915.0	0.0	0
18925.0	0.0	0
18935.0	0.0	0
18945.0	0.0	0
18955.0	0.0	0
18965.0	0.0	0
18975.0	0.0	0
18985.0	0.0	0
18995.0	0.0	0
19005.0	0.0	0
19015.0	0.0	0
19025.0	0.0	0
19035.0	0.0	0
19045.0	0.0	0
19055.0	0.0	0
19065.0	0.0	0
19075.0	0.0	0
19085.0	0.0	0
19095.0	0.0	0
19105.0	0.0	0
19115.0	0.0	0
19125.0	0.0	0
19135.0	0.0	0
19145.0	0.0	0
19155.0	0.0	0
19165.0	0.0	0
19175.0	0.0	0
19185.0	0.0	0
19195.0	0.0	0
19205.0	0.0	0
19215.0	0.0	0
19225.0	0.0	0
19235.0	0.0	0
19245.0	0.0	0
19255.0	0.0	0
19265.0	0.0	0
19275.0	0.0	0
19285.0	0.0	0
19295.0	0.0	0
19305.0	0.0	0
19315.0	0.0	0
19325.0	0.0	0
19335.0	0.0	0
19345.0	0.0	0
19355.0	0.0	0
19365.0	0.0	0
19375.0	0.0	0
19385.0	0.0	0
19395.0	0.0	0
19405.0	0.0	0
19415.0	0.0	0
19425.0	0.0	0
19435.0	0.0	0
19445.0	0.0	0
19455.0	0.0	0
19465.0	0.0	0
19475.0	0.0	0
19485.0	0.0	0
19495.0	0.0	0
19505.0	0.0	0
19515.0	0.0	0
19525.0	0.0	0
19535.0	0.0	0
19545.0	0.0	0
19555.0	0.0	0
19565.0	0.0	0
19575.0	0.0	0
19585.0	0.0	0
19595.0	0.0	0
19605.0	0.0	0
19615.0	0.0	0
19625.0	0.0	0
19635.0	0.0	0
19645.0	0.0	0
19655.0	0.0	0
19665.0	0.0	0
19675.0	0.0	0
19685.0	0.0	0
19695.0	0.0	0
19705.0	0.0	0
19715.0	0.0	0
19725.0	0.0	0
19735.0	0.0	0
19745.0	0.0	0
19755.0	0.0	0
19765.0	0.0	0
19775.0	0.0	0
19785.0	0.0	0
19795.0	0.0	0
19805.0	0.0	0
19815.0	0.0	0
19825.0	0.0	0
19835.0	0.0	0
19845.0	0.0	0
19855.0	0.0	0
19865.0	0.0	0
19875.0	0.0	0
19885.0	0.0	0
19895.0	0.0	0
19905.0	0.0	0
19915.0	0.0	0
19925.0	0.0	0
19935.0	0.0	0
19945.0	0.0	0
19955.0	0.0	0
19965.0	0.0	0
19975.0	0.0	0
19985.0	0.0	0
19995.0	0.0	0
20005.0	0.0	0
20015.0	0.0	0
20025.0	0.0	0
20035.0	0.0	0
20045.0	0.0	0
20055.0	0.0	0
20065.0	0.0	0
20075.0	0.0	0
20085.0	0.0	0
20095.0	0.0	0
20105.0	0.0	0
20115.0	0.0	0
20125.0	0.0	0
20135.0	0.0	0
20145.0	0.0	0
20155.0	0.0	0
20165.0	0.0	0
20175.0	0.0	0
20185.0	0.0	0
20195.0	0.0	0
20205.0	0.0	0
20215.0	0.0	0
20225.0	0.0	0
20235.0	0.0	0
20245.0	0.0	0
20255.0	0.0	0
20265.0	0.0	0
20275.0	0.0	0
20285.0	0.0	0
20295.0	0.0	0
20305.0	0.0	0
20315.0	0.0	0
20325.0	0.0	0
20335.0	0.0	0
20345.0	0.0	0
20355.0	0.0	0
20365.0	0.0	0
20375.0	0.0	0
20385.0	0.0	0
20395.0	0.0	0
20405.0	0.0	0
20415.0	0.0	0
20425.0	0.0	0
20435.0	0.0	0
20445.0	0.0	0
20455.0	0.0	0
20465.0	0.0	0
20475.0	0.0	0
20485.0	0.0	0
20495.0	0.0	0
20505.0	0.0	0
20515.0	0.0	0
20525.0	0.0	0
20535.0	0.0	0
20545.0	0.0	0
20555.0	0.0	0
20565.0	0.0	0
20575.0	0.0	0
20585.0	0.0	0
20595.0	0.0	0
20605.0	0.0	0
20615.0	0.0	0
20625.0	0.0	0
20635.0	0.0	0
20645.0	0.0	0
20655.0	0.0	0
20665.0	0.0	0
20675.0	0.0	0
20685.0	0.0	0
20695.0	0.0	0
20705.0	0.0	0
20715.0	0.0	0
20725.0	0.0	0
20735.0	0.0	0
20745.0	0.0	0
20755.0	0.0	0
20765.0	0.0	0
20775.0	0.0	0
20785.0	0.0	0
20795.0	0.0	0
20805.0	0.0	0
20815.0	0.0	0
20825.0	0.0	0
20835.0	0.0	0
20845.0	0.0	0
20855.0	0.0	0
20865.0	0.0	0
20875.0	0.0	0
20885.0	0.0	0
20895.0	0.0	0
20905.0	0.0	0
20915.0	0.0	0
20925.0	0.0	0
20935.0	0.0	0
20945.0	0.0	0
20955.0	0.0	0
20965.0	0.0	0
20975.0	0.0	0
20985.0	0.0	0
20995.0	0.0	0
21005.0	0.0	0
21015.0	0.0	0
21025.0	0.0	0
21035.0	0.0	0
21045.0	0.0	0
21055.0	0.0	0
21065.0	0.0	0
21075.0	0.0	0
21085.0	0.0	0
21095.0	0.0	0
21105.0	0.0	0
21115.0	0.0	0
21125.0	0.0	0
21135.0	0.0	0
21145.0	0.0	0
21155.0	0.0	0
21165.0	0.0	0
21175.0	0.0	0
21185.0	0.0	0
21195.0	0.0	0
21205.0	0.0	0
21215.0	0.0	0
21225.0	0.0	0
21235.0	0.0	0
21245.0	0.0	0
21255.0	0.0	0
21265.0	0.0	0
21275.0	0.0	0
21285.0	0.0	0
21295.0	0.0	0
21305.0	0.0	0
21315.0	0.0	0
21325.0	0.0	0
21335.0	0.0	0
21345.0	0.0	0
21355.0	0.0	0
21365.0	0.0	0
21375.0	0.0	0
21385.0	0.0	0
21395.0	0.0	0
21405.0	0.0	0
21415.0	0.0	0
21425.0	0.0	0
21435.0	0.0	0
21445.0	0.0	0
21455.0	0.0	0
21465.0	0.0	0
21475.0	0.0	0
21485.0	0.0	0
21495.0	0.0	0
21505.0	0.0	0
21515.0	0.0	0
21525.0	0.0	0
21535.0	0.0	0
21545.0	0.0	0
21555.0	0.0	0
21565.0	0.0	0
21575.0	0.0	0
21585.0	0.0	0
21595.0	0.0	0
21605.0	0.0	0
21615.0	0.0	0
21625.0	0.0	0
21635.0	0.0	0
21645.0	0.0	0
21655.0	0.0	0
21665.0	0.0	0
21675.0	0.0	0
21685.0	0.0	0
21695.0	0.0	0
21705.0	0.0	0
21715.0	0.0	0
21725.0	0.0	0
21735.0	0.0	0
21745.0	0.0	0
21755.0	0.0	0
21765.0	0.0	0
21775.0	0.0	0
21785.0	0.0	0
21795.0	0.0	0
21805.0	0.0	0
21815.0	0.0	0
21825.0	0.0	0
21835.0	0.0	0
21845.0	0.0	0
21855.0	0.0	0
21865.0	0.0	0
21875.0	0.0	0
21885.0	0.0	0
21895.0	0.0	0
21905.0	0.0	0
21915.0	0.0	0
21925.0	0.0	0
21935.0	0.0	0
21945.0	0.0	0
21955.0	0.0	0
21965.0	0.0	0
21975.0	0.0	0
21985.0	0.0	0
21995.0	0.0	0
22005.0	0.0	0
22015.0	0.0	0
22025.0	0.0	0
22035.0	0.0	0
22045.0	0.0	0
22055.0	0.0	0
22065.0	0.0	0
22075.0	0.0	0
22085.0	0.0	0
22095.0	0.0	0
22105.0	0.0	0
22115.0	0.0	0
22125.0	0.0	0
22135.0	0.0	0
22145.0	0.0	0
22155.0	0.0	0
22165.0	0.0	0
22175.0	0.0	0
22185.0	0.0	0
22195.0	0.0	0
22205.0	0.0	0
22215.0	0.0	0
22225.0	0.0	0
22235.0	0.0	0
22245.0	0.0	0
22255.0	0.0	0
22265.0	0.0	0
22275.0	0.0	0
22285.0	0.0	0
22295.0	0.0	0
22305.0	0.0	0
22315.0	0.0	0
22325.0	0.0	0
22335.0	0.0	0
22345.0	0.0	0
22355.0	0.0	0
22365.0	0.0	0
22375.0	0.0	0
22385.0	0.0	0
22395.0	0.0	0
22405.0	0.0	0
22415.0	0.0	0
22425.0	0.0	0
22435.0	0.0	0
22445.0	0.0	0
22455.0	0.0	0
22465.0	0.0	0
22475.0	0.0	0
22485.0	0.0	0
22495.0	0.0	0
22505.0	0.0	0
22515.0	0.0	0
22525.0	0.0	0
22535.0	0.0	0
22545.0	0.0	0
22555.0	0.0	0
22565.0	0.0	0
22575.0	0.0	0
22585.0	0.0	0
22595.0	0.0	0
22605.0	0.0	0
22615.0	0.0	0
22625.0	0.0	0
22635.0	0.0	0
22645.0	0.0	0
22655.0	0.0	0
22665.0	0.0	0
22675.0	0.0	0
22685.0	0.0	0
22695.0	0.0	0
22705.0	0.0	0
22715.0	0.0	0
22725.0	0.0	0
22735.0	0.0	0
22745.0	0.0	0
22755.0	0.0	0
22765.0	0.0	0
22775.0	0.0	0
22785.0	0.0	0
22795.0	0.0	0
22805.0	0.0	0
22815.0	0.0	0
22825.0	0.0	0
22835.0	0.0	0
22845.0	0.0	0
22855.0	0.0	0
22865.0	0.0	0
22875.0	0.0	0
22885.0	0.0	0
22895.0	0.0	0
22905.0	0.0	0
22915.0	0.0	0
22925.0	0.0	0
22935.0	0.0	0
22945.0	0.0	0
22955.0	0.0	0
22965.0	0.0	0
22975.0	0.0	0
22985.0	0.0	0
22995.0	0.0	0
23005.0	0.0	0
23015.0	0.0	0
23025.0	0.0	0
23035.0	0.0	0
23045.0	0.0	0
23055.0	0.0	0
23065.0	0.0	0
23075.0	0.0	0
23085.0	0.0	0
23095.0	0.0	0
23105.0	0.0	0
23115.0	0.0	0
23125.0	0.0	0
23135.0	0.0	0
23145.0	0.0	0
23155.0	0.0	0
23165.0	0.0	0
23175.0	0.0	0
23185.0	0.0	0
23195.0	0.0	0
23205.0	0.0	0
23215.0	0.0	0
23225.0	0.0	0
23235.0	0.0	0
23245.0	0.0	0
23255.0	0.0	0
23265.0	0.0	0
23275.0	0.0	0
23285.0	0.0	0
23295.0	0.0	0
23305.0	0.0	0
23315.0	0.0	0
23325.0	0.0	0
23335.0	0.0	0
23345.0	0.0	0
23355.0	0.0	0
23365.0	0.0	0
23375.0	0.0	0
23385.0	0.0	0
23395.0	0.0	0
23405.0	0.0	0
23415.0	0.0	0
23425.0	0.0	0
23435.0	0.0	0
23445.0	0.0	0
23455.0	0.0	0
23465.0	0.0	0
23475.0	0.0	0
23485.0	0.0	0
23495.0	0.0	0
23505.0	0.0	0
23515.0	0.0	0
23525.0	0.0	0
23535.0	0.0	0
23545.0	0.0	0
23555.0	0.0	0
23565.0	0.0	0
23575.0	0.0	0
23585.0	0.0	0
23595.0	0.0	0
23605.0	0.0	0
23615.0	0.0	0
23625.0	0.0	0
23635.0	0.0	0
23645.0	0.0	0
23655.0	0.0	0
23665.0	0.0	0
23675.0	0.0	0
23685.0	0.0	0
23695.0	0.0	0
23705.0	0.0	0
23715.0	0.0	0
23725.0	0.0	0
23735.0	0.0	0
23745.0	0.0	0
23755.0	0.0	0
23765.0	0.0	0
23775.0	0.0	0
23785.0	0.0	0
23795.0	0.0	0
23805.0	0.0	0
23815.0	0.0	0
23825.0	0.0	0
23835.0	0.0	0
23845.0	0.0	0
23855.0	0.0	0
23865.0	0.0	0
23875.0	0.0	0
23885.0	0.0	0
23895.0	0.0	0
23905.0	0.0	0
23915.0	0.0	0
23925.0	0.0	0
23935.0	0.0	0
23945.0	0.0	0
23955.0	0.0	0
23965.0	0.0	0
23975.0	0.0	0
23985.0	0.0	0
23995.0	0.0	0
24005.0	0.0	0
24015.0	0.0	0
24025.0	0.0	0
24035.0	0.0	0
24045.0	0.0	0
24055.0	0.0	0
24065.0	0.0	0
24075.0	0.0	0
24085.0	0.0	0
24095.0	0.0	0
24105.0	0.0	0
24115.0	0.0	0
24125.0	0.0	0
24135.0	0.0	0
24145.0	0.0	0
24155.0	0.0	0
24165.0	0.0	0
24175.0	0.0	0
24185.0	0.0	0
24195.0	0.0	0
24205.0	0.0	0
24215.0	0.0	0
24225.0	0.0	0
24235.0	0.0	0
24245.0	0.0	0
24255.0	0.0	0
24265.0	0.0	0
24275.0	0.0	0
24285.0	0.0	0
24295.0	0.0	0
24305.0	0.0	0
24315.0	0.0	0
24325.0	0.0	0
24335.0	0.0	0
24345.0	0.0	0
24355.0	0.0	0
24365.0	0.0	0
24375.0	0.0	0
24385.0	0.0	0
24395.0	0.0	0
24405.0	0.0	0
24415.0	0.0	0
24425.0	0.0	0
24435.0	0.0	0
24445.0	0.0	0
24455.0	0.0	0
24465.0	0.0	0
24475.0	0.0	0
24485.0	0.0	0
24495.0	0.0	0
24505.0	0.0	0
24515.0	0.0	0
24525.0	0.0	0
24535.0	0.0	0
24545.0	0.0	0
24555.0	0.0	0
24565.0	0.0	0
24575.0	0.0	0
24585.0	0.0	0
24595.0	0.0	0
24605.0	0.0	0
24615.0	0.0	0
24625.0	0.0	0
24635.0	0.0	0
24645.0	0.0	0
24655.0	0.0	0
24665.0	0.0	0
24675.0	0.0	0
24685.0	0.0	0
24695.0	0.0	0
24705.0	0.0	0
24715.0	0.0	0
24725.0	0.0	0
24735.0	0.0	0
24745.0	0.0	0
24755.0	0.0	0
24765.0	0.0	0
24775.0	0.0	0
24785.0	0.0	0
24795.0	0.0	0
24805.0	0.0	0
24815.0	0.0	0
24825.0	0.0	0
24835.0	0.0	0
24845.0	0.0	0
24855.0	0.0	0
24865.0	0.0	0
24875.0	0.0	0
24885.0	0.0	0
24895.0	0.0	0
24905.0	0.0	0
24915.0	0.0	0
24925.0	0.0	0
24935.0	0.0	0
24945.0	0.0	0
24955.0	0.0	0
24965.0	0.0	0
24975.0	0.0	0
24985.0	0.0	0
24995.0	0.0	0
25005.0	0.0	0
25015.0	0.0	0
25025.0	0.0	0
25035.0	0.0	0
25045.0	0.0	0
25055.0	0.0	0
25065.0	0.0	0
25075.0	0.0	0
25085.0	0.0	0
25095.0	0.0	0
25105.0	0.0	0
25115.0	0.0	0
25125.0	0.0	0
25135.0	0.0	0
25145.0	0.0	0
25155.0	0.0	0
25165.0	0.0	0
25175.0	0.0	0
25185.0	0.0	0
25195.0	0.0	0
25205.0	0.0	0
25215.0	0.0	0
25225.0	0.0	0
25235.0	0.0	0
25245.0	0.0	0
25255.0	0.0	0
25265.0	0.0	0
25275.0	0.0	0
25285.0	0.0	0
25295.0	0.0	0
25305.0	0.0	0
25315.0	0.0	0
25325.0	0.0	0
25335.0	0.0	0
25345.0	0.0	0
25355.0	0.0	0
25365.0	0.0	0
25375.0	0.0	0
25385.0	0.0	0
25395.0	0.0	0
25405.0	0.0	0
25415.0	0.0	0
25425.0	0.0	0
25435.0	0.0	0
25445.0	0.0	0
25455.0	0.0	0
25465.0	0.0	0
25475.0	0.0	0
25485.0	0.0	0
25495.0	0.0	0
25505.0	0.0	0
25515.0	0.0	0
25525.0	0.0	0
25535.0	0.0	0
25545.0	0.0	0
25555.0	0.0	0
25565.0	0.0	0
25575.0	0.0	0
25585.0	0.0	0
25595.0	0.0	0
25605.0	0.0	0
25615.0	0.0	0
25625.0	0.0	0
25635.0	0.0	0
25645.0	0.0	0
25655.0	0.0	0
25665.0	0.0	0
25675.0	0.0	0
25685.0	0.0	0
25695.0	0.0	0
25705.0	0.0	0
25715.0	0.0	0
25725.0	0.0	0
25735.0	0.0	0
25745.0	0.0	0
25755.0	0.0	0
25765.0	0.0	0
25775.0	0.0	0
25785.0	0.0	0
25795.0	0.0	0
25805.0	0.0	0
25815.0	0.0	0
25825.0	0.0	0
25835.0	0.0	0
25845.0	0.0	0
25855.0	0.0	0
25865.0	0.0	0
25875.0	0.0	0
25885.0	0.0	0
25895.0	0.0	0
25905.0	0.0	0
25915.0	0.0	0
25925.0	0.0	0
25935.0	0.0	0
25945.0	0.0	0
25955.0	0.0	0
25965.0	0.0	0
25975.0	0.0	0
25985.0	0.0	0
25995.0	0.0	0
26005.0	0.0	0
26015.0	0.0	0
26025.0	0.0	0
26035.0	0.0	0
26045.0	0.0	0
26055.0	0.0	0
26065.0	0.0	0
26075.0	0.0	0
26085.0	0.0	0
26095.0	0.0	0
26105.0	0.0	0
26115.0	0.0	0
26125.0	0.0	0
26135.0	0.0	0
26145.0	0.0	0
26155.0	0.0	0
26165.0	0.0	0
26175.0	0.0	0
26185.0	0.0	0
26195.0	0.0	0
26205.0	0.0	0
26215.0	0.0	0
26225.0	0.0	0
26235.0	0.0	0
26245.0	0.0	0
26255.0	0.0	0
26265.0	0.0	0
26275.0	0.0	0
26285.0	0.0	0
26295.0	0.0	0
26305.0	0.0	0
26315.0	0.0	0
26325.0	0.0	0
26335.0	0.0	0
26345.0	0.0	0
26355.0	0.0	0
26365.0	0.0	0
26375.0	0.0	0
26385.0	0.0	0
26395.0	0.0	0
26405.0	0.0	0
26415.0	0.0	0
26425.0	0.0	0
26435.0	0.0	0
26445.0	0.0	0
26455.0	0.0	0
26465.0	0.0	0
26475.0	0.0	0
26485.0	0.0	0
26495.0	0.0	0
26505.0	0.0	0
26515.0	0.0	0
26525.0	0.0	0
26535.0	0.0	0
26545.0	0.0	0
26555.0	0.0	0
26565.0	0.0	0
26575.0	0.0	0
26585.0	0.0	0
26595.0	0.0	0
26605.0	0.0	0
26615.0	0.0	0
26625.0	0.0	0
26635.0	0.0	0
26645.0	0.0	0
26655.0	0.0	0
26665.0	0.0	0
26675.0	0.0	0
26685.0	0.0	0
26695.0	0.0	0
26705.0	0.0	0
26715.0	0.0	0
26725.0	0.0	0
26735.0	0.0	0
26745.0	0.0	0
26755.0	0.0	0
26765.0	0.0	0
26775.0	0.0	0
26785.0	0.0	0
26795.0	0.0	0
26805.0	0.0	0
26815.0	0.0	0
26825.0	0.0	0
26835.0	0.0	0
26845.0	0.0	0
26855.0	0.0	0
26865.0	0.0	0
26875.0	0.0	0
26885.0	0.0	0
26895.0	0.0	0
26905.0	0.0	0
26915.0	0.0	0
26925.0	0.0	0
26935.0	0.0	0
26945.0	0.0	0
26955.0	0.0	0
26965.0	0.0	0
26975.0	0.0	0
26985.0	0.0	0
26995.0	0.0	0
27005.0	0.0	0
27015.0	0.0	0
27025.0	0.0	0
27035.0	0.0	0
27045.0	0.0	0
27055.0	0.0	0
27065.0	0.0	0
27075.0	0.0	0
27085.0	0.0	0
27095.0	0.0	0
27105.0	0.0	0
27115.0	0.0	0
27125.0	0.0	0
27135.0	0.0	0
27145.0	0.0	0
27155.0	0.0	0
27165.0	0.0	0
27175.0	0.0	0
27185.0	0.0	0
27195.0	0.0	0
27205.0	0.0	0
27215.0	0.0	0
27225.0	0.0	0
27235.0	0.0	0
27245.0	0.0	0
27255.0	0.0	0
27265.0	0.0	0
27275.0	0.0	0
27285.0	0.0	0
27295.0	0.0	0
27305.0	0.0	0
27315.0	0.0	0
27325.0	0.0	0
27335.0	0.0	0
27345.0	0.0	0
27355.0	0.0	0
27365.0	0.0	0
27375.0	0.0	0
27385.0	0.0	0
27395.0	0.0	0
27405.0	0.0	0
27415.0	0.0	0
27425.0	0.0	0
27435.0	0.0	0
27445.0	0.0	0
27455.0	0.0	0
27465.0	0.0	0
27475.0	0.0	0
27485.0	0.0	0
27495.0	0.0	0
27505.0	0.0	0
27515.0	0.0	0
27525.0	0.0	0
27535.0	0.0	0
27545.0	0.0	0
27555.0	0.0	0
27565.0	0.0	0
27575.0	0.0	0
27585.0	0.0	0
27595.0	0.0	0
27605.0	0.0	0
27615.0	0.0	0
27625.0	0.0	0
27635.0	0.0	0
27645.0	0.0	0
27655.0	0.0	0
27665.0	0.0	0
27675.0	0.0	0
27685.0	0.0	0
27695.0	0.0	0
27705.0	0.0	0
27715.0	0.0	0
27725.0	0.0	0
27735.0	0.0	0
27745.0	0.0	0
27755.0	0.0	0
27765.0	0.0	0
27775.0	0.0	0
27785.0	0.0	0
27795.0	0.0	0
27805.0	0.0	0
27815.0	0.0	0
27825.0	0.0	0
27835.0	0.0	0
27845.0	0.0	0
27855.0	0.0	0
27865.0	0.0	0
27875.0	0.0	0
27885.0	0.0	0
27895.0	0.0	0
27905.0	0.0	0
27915.0	0.0	0
27925.0	0.0	0
27935.0	0.0	0
27945.0	0.0	0
27955.0	0.0	0
27965.0	0.0	0
27975.0	0.0	0
27985.0	0.0	0
27995.0	0.0	0
28005.0	0.0	0
28015.0	0.0	0
28025.0	0.0	0
28035.0	0.0	0
28045.0	0.0	0
28055.0	0.0	0
28065.0	0.0	0
28075.0	0.0	0
28085.0	0.0	0
28095.0	0.0	0
28105.0	0.0	0
28115.0	0.0	0
28125.0	0.0	0
28135.0	0.0	0
28145.0	0.0	0
28155.0	0.0	0
28165.0	0.0	0
28175.0	0.0	0
28185.0	0.0	0
28195.0	0.0	0
28205.0	0.0	0
28215.0	0.0	0
28225.0	0.0	0
28235.0	0.0	0
28245.0	0.0	0
28255.0	0.0	0
28265.0	0.0	0
28275.0	0.0	0
28285.0	0.0	0
28295.0	0.0	0
28305.0	0.0	0
28315.0	0.0	0
28325.0	0.0	0
28335.0	0.0	0
28345.0	0.0	0
28355.0	0.0	0
28365.0	0.0	0
28375.0	0.0	0
28385.0	0.0	0
28395.0	0.0	0
28405.0	0.0	0
28415.0	0.0	0
28425.0	0.0	0
28435.0	0.0	0
28445.0	0.0	0
28455.0	0.0	0
28465.0	0.0	0
28475.0	0.0	0
28485.0	0.0	0
28495.0	0.0	0
28505.0	0.0	0
28515.0	0.0	0
28525.0	0.0	0
28535.0	0.0	0
28545.0	0.0	0
28555.0	0.0	0
28565.0	0.0	0
28575.0	0.0	0
28585.0	0.0	0
28595.0	0.0	0
28605.0	0.0	0
28615.0	0.0	0
28625.0	0.0	0
28635.0	0.0	0
28645.0	0.0	0
28655.0	0.0	0
28665.0	0.0	0
28675.0	0.0	0
28685.0	0.0	0
28695.0	0.0	0
28705.0	0.0	0
28715.0	0.0	0
28725.0	0.0	0
28735.0	0.0	0
28745.0	0.0	0
28755.0	0.0	0
28765.0	0.0	0
28775.0	0.0	0
28785.0	0.0	0
28795.0	0.0	0
28805.0	0.0	0
28815.0	0.0	0
28825.0	0.0	0
28835.0	0.0	0
28845.0	0.0	0
28855.0	0.0	0
28865.0	0.0	0
28875.0	0.0	0
28885.0	0.0	0
28895.0	0.0	0
28905.0	0.0	0
28915.0	0.0	0
28925.0	0.0	0
28935.0	0.0	0
28945.0	0.0	0
28955.0	0.0	0
28965.0	0.0	0
28975.0	0.0	0
28985.0	0.0	0
28995.0	0.0	0
29005.0	0.0	0
29015.0	0.0	0
29025.0	0.0	0
29035.0	0.0	0
29045.0	0.0	0
29055.0	0.0	0
29065.0	0.0	0
29075.0	0.0	0
29085.0	0.0	0
29095.0	0.0	0
29105.0	0.0	0
29115.0	0.0	0
29125.0	0.0	0
29135.0	0.0	0
29145.0	0.0	0
29155.0	0.0	0
29165.0	0.0	0
29175.0	0.0	0
29185.0	0.0	0
29195.0	0.0	0
29205.0	0.0	0
29215.0	0.0	0
29225.0	0.0	0
29235.0	0.0	0
29245.0	0.0	0
29255.0	0.0	0
29265.0	0.0	0
29275.0	0.0	0
29285.0	0.0	0
29295.0	0.0	0
29305.0	0.0	0
29315.0	0.0	0
29325.0	0.0	0
29335.0	0.0	0
29345.0	0.0	0
29355.0	0.0	0
29365.0	0.0	0
29375.0	0.0	0
29385.0	0.0	0
29395.0	0.0	0
29405.0	0.0	0
29415.0	0.0	0
29425.0	0.0	0
29435.0	0.0	0
29445.0	0.0	0
29455.0	0.0	0
29465.0	0.0	0
29475.0	0.0	0
29485.0	0.0	0
29495.0	0.0	0
29505.0	0.0	0
29515.0	0.0	0
29525.0	0.0	0
29535.0	0.0	0
29545.0	0.0	0
29555.0	0.0	0
29565.0	0.0	0
29575.0	0.0	0
29585.0	0.0	0
29595.0	0.0	0
29605.0	0.0	0
29615.0	0.0	0
29625.0	0.0	0
29635.0	0.0	0
29645.0	0.0	0
29655.0	0.0	0
29665.0	0.0	0
29675.0	0.0	0
29685.0	0.0	0
29695.0	0.0	0
29705.0	0.0	0
29715.0	0.0	0
29725.0	0.0	0
29735.0	0.0	0
29745.0	0.0	0
29755.0	0.0	0
29765.0	0.0	0
29775.0	0.0	0
29785.0	0.0	0
29795.0	0.0	0
29805.0	0.0	0
29815.0	0.0	0
29825.0	0.0	0
29835.0	0.0	0
29845.0	0.0	0
29855.0	0.0	0
29865.0	0.0	0
29875.0	0.0	0
29885.0	0.0	0
29895.0	0.0	0
29905.0	0.0	0
29915.0	0.0	0
29925.0	0.0	0
29935.0	0.0	0
29945.0	0.0	0
29955.0	0.0	0
29965.0	0.0	0
29975.0	0.0	0
29985.0	0.0	0
