5.0	0.0	0
15.0	0.0	0
25.0	0.0	0
35.0	0.0	0
45.0	0.0	0
55.0	0.0	0
65.0	0.0	0
75.0	0.0	0
85.0	0.0	0
95.0	0.0	0
105.0	0.0	0
115.0	0.0	0
125.0	0.0	0
135.0	0.0	0
145.0	0.0	0
155.0	0.0	0
165.0	0.0	0
175.0	0.0	0
185.0	0.0	0
195.0	0.0	0
205.0	0.0	0
215.0	0.0	0
225.0	0.0	0
235.0	0.0	0
245.0	0.0	0
255.0	0.0	0
265.0	0.0	0
275.0	0.0	0
285.0	0.0	0
295.0	0.0	0
305.0	0.0	0
315.0	0.0	0
325.0	0.0	0
335.0	0.0	0
345.0	0.0	0
355.0	0.0	0
365.0	0.0	0
375.0	0.0	0
385.0	0.0	0
395.0	0.0	0
405.0	0.0	0
415.0	0.0	0
425.0	0.0	0
435.0	0.0	0
445.0	0.0	0
455.0	0.0	0
465.0	0.0	0
475.0	0.0	0
485.0	0.0	0
495.0	0.0	0
505.0	0.0	0
515.0	0.0	0
525.0	0.0	0
535.0	0.0	0
545.0	0.0	0
555.0	0.0	0
565.0	0.0	0
575.0	0.0	0
585.0	0.0	0
595.0	0.0	0
605.0	0.0	0
615.0	0.0	0
625.0	0.0	0
635.0	0.3501759697741637	0
645.0	0.960299115774585	0
655.0	1.9086294082689554	0
665.0	3.3292405806602217	0
675.0	5.512451468269385	0
685.0	8.646283368239006	0
695.0	13.25896414187103	0
705.0	19.20863946743427	0
715.0	27.002920944972388	0
725.0	37.019807152175176	0
735.0	49.42420189055596	0
745.0	64.41624238765633	0
755.0	81.9253750662788	0
765.0	101.86727420371287	0
775.0	123.8605478797338	0
785.0	147.3934446732629	0
795.0	171.95420903296335	0
805.0	196.74973153423034	0
815.0	221.10782926627573	0
825.0	244.50137710645052	0
835.0	265.9075762719521	0
845.0	285.13388681541414	0
855.0	301.84062914738985	0
865.0	315.93156231340146	0
875.0	327.41009033771377	0
885.0	336.43731071339346	0
895.0	343.2929303716726	0
905.0	348.22885145747324	0
915.0	351.633360504161	0
925.0	353.77149040777	0
935.0	354.9141429852389	0
945.0	355.36165898530203	0
955.0	355.54154588270774	0
965.0	355.17796113005886	0
975.0	354.2932007681609	0
985.0	353.3696262209826	0
995.0	352.60369191677034	0
1005.0	351.9591762952131	0
1015.0	351.32356572867917	0
1025.0	350.84797208173956	0
1035.0	350.48245320461297	0
1045.0	350.5496335632714	0
1055.0	350.1422378857349	0
1065.0	349.7454439064401	0
1075.0	349.32643559769355	0
1085.0	348.96270415763723	0
1095.0	348.26454825240893	0
1105.0	347.3797949692332	0
1115.0	346.4213503463699	0
1125.0	345.22267649224125	0
1135.0	343.98650172228866	0
1145.0	342.7018268574376	0
1155.0	341.2628836233302	0
1165.0	339.8952425718941	0
1175.0	338.53384407744846	0
1185.0	337.31336601082745	0
1195.0	336.5427357112559	0
1205.0	335.4784944673634	0
1215.0	334.5247910167277	0
1225.0	333.83546170629523	0
1235.0	333.0337451343711	0
1245.0	332.26714388588647	0
1255.0	331.57738399496526	0
1265.0	330.9278899557385	0
1275.0	330.2460918889494	0
1285.0	329.6229856305091	0
1295.0	329.0053991524661	0
1305.0	328.4401127321598	0
1315.0	327.98760822581056	0
1325.0	327.5575047543437	0
1335.0	327.20937041661375	0
1345.0	327.305729491761	0
1355.0	327.0815950456534	0
1365.0	327.15188381428146	0
1375.0	327.1027007989973	0
1385.0	327.18286390502226	0
1395.0	327.2509528874754	0
1405.0	327.35185435436966	0
1415.0	327.47785116182956	0
1425.0	327.57723421603794	0
1435.0	327.7550196576674	0
1445.0	327.8521936962329	0
1455.0	328.00125745261204	0
1465.0	328.0134361174974	0
1475.0	328.04663439022056	0
1485.0	328.07226711879537	0
1495.0	328.4117038167769	0
1505.0	328.5811939456264	0
1515.0	328.6193543632036	0
1525.0	328.61923431616776	0
1535.0	328.6003463611144	0
1545.0	328.60297914025	0
1555.0	328.52776121756705	0
1565.0	328.46189821689137	0
1575.0	328.36332115926086	0
1585.0	328.1879846416617	0
1595.0	327.94631305428305	0
1605.0	327.602347688665	0
1615.0	327.1811814186657	0
1625.0	326.65174372460683	0
1635.0	325.98833465610727	0
1645.0	325.4333448430161	0
1655.0	324.9219620752511	0
1665.0	323.9806899135338	0
1675.0	323.0502860622192	0
1685.0	322.0829758268113	0
1695.0	321.08420234314315	0
1705.0	320.0807914894775	0
1715.0	319.1732478253931	0
1725.0	318.3262290508407	0
1735.0	317.52684207573947	0
1745.0	316.87525626889243	0
1755.0	316.2997684608527	0
1765.0	315.89280604691874	0
1775.0	315.600365588689	0
1785.0	315.3944441478795	0
1795.0	315.4767228013463	0
1805.0	315.47897004332515	0
1815.0	315.8283527073163	0
1825.0	315.92184115579204	0
1835.0	316.0447951561983	0
1845.0	316.20363061388167	0
1855.0	316.35047411780346	0
1865.0	316.5294806792447	0
1875.0	316.68815981991713	0
1885.0	316.820079746923	0
1895.0	316.94699971500967	0
1905.0	317.1378803651209	0
1915.0	317.3160070736373	0
1925.0	317.5222889451334	0
1935.0	317.77098615998733	0
1945.0	318.2091350757054	0
1955.0	318.58140620593406	0
1965.0	319.0035192661867	0
1975.0	319.7052628033819	0
1985.0	320.18567409922605	0
1995.0	320.7069493702342	0
2005.0	321.27422506763685	0
2015.0	321.8106172129145	0
2025.0	322.37966310038223	0
2035.0	322.8847955767688	0
2045.0	323.34612129449175	0
2055.0	323.7578498785298	0
2065.0	324.12655338248857	0
2075.0	324.457424768451	0
2085.0	324.73847363586265	0
2095.0	325.1193612315319	0
2105.0	325.3080805140419	0
2115.0	325.45763835844286	0
2125.0	325.5602353779932	0
2135.0	325.9140009888151	0
2145.0	325.9825654093661	0
2155.0	326.07178306848664	0
2165.0	326.17977307034766	0
2175.0	326.29563182705664	0
2185.0	326.43971083104174	0
2195.0	326.5659230494265	0
2205.0	326.7719865719972	0
2215.0	326.92368861266993	0
2225.0	327.1222961718574	0
2235.0	327.29415471281516	0
2245.0	327.4791044405444	0
2255.0	327.81607835933545	0
2265.0	327.9453043713765	0
2275.0	328.09197785492245	0
2285.0	328.23012800265803	0
2295.0	328.3605818354973	0
2305.0	328.71773389128396	0
2315.0	328.8008624993133	0
2325.0	328.854589365575	0
2335.0	328.8481235310995	0
2345.0	328.8712728630873	0
2355.0	328.8625962033766	0
2365.0	328.78573073540747	0
2375.0	328.70908109662577	0
2385.0	328.6185476956923	0
2395.0	328.52311185000667	0
2405.0	328.4348030739199	0
2415.0	328.4229137214828	0
2425.0	328.2768128440203	0
2435.0	328.074213315218	0
2445.0	327.918662680422	0
2455.0	327.6838435708448	0
2465.0	327.46594344723104	0
2475.0	327.4695987726189	0
2485.0	327.24803493942375	0
2495.0	327.0099969297963	0
2505.0	326.76354952060865	0
2515.0	326.52409816608457	0
2525.0	326.26670667092196	0
2535.0	325.98840162820085	0
2545.0	325.66604090553244	0
2555.0	325.3726149796309	0
2565.0	325.1776809903551	0
2575.0	324.8266728490925	0
2585.0	324.42650421225164	0
2595.0	324.01904763141215	0
2605.0	323.5945621898482	0
2615.0	323.0823405153109	0
2625.0	322.5403552393903	0
2635.0	321.94777555425935	0
2645.0	321.57335269962965	0
2655.0	320.90468437076544	0
2665.0	320.2200424259499	0
2675.0	319.45630254038133	0
2685.0	318.67306915133406	0
2695.0	317.8456970362034	0
2705.0	316.9815321878333	0
2715.0	316.0188302814235	0
2725.0	315.1186194956604	0
2735.0	314.07663803906894	0
2745.0	312.9601333604427	0
2755.0	311.818043883321	0
2765.0	310.54111376295793	0
2775.0	309.25958145287876	0
2785.0	307.86013338891985	0
2795.0	306.4491792343345	0
2805.0	304.92912918363197	0
2815.0	303.3560577481542	0
2825.0	301.92289259827083	0
2835.0	300.23298316042974	0
2845.0	298.51504497405836	0
2855.0	296.75892150746057	0
2865.0	294.96196710973504	0
2875.0	293.1792955066241	0
2885.0	291.4381811024371	0
2895.0	289.6587065077916	0
2905.0	287.8786466488472	0
2915.0	286.14835118679594	0
2925.0	284.41663085172894	0
2935.0	282.7617811636717	0
2945.0	281.16135209425227	0
2955.0	279.58972566878424	0
2965.0	278.08698958493426	0
2975.0	276.650553656453	0
2985.0	275.28831938032033	0
2995.0	273.98534134607496	0
3005.0	272.9186090974212	0
3015.0	271.70894656880705	0
3025.0	270.56309774962307	0
3035.0	269.46552357485376	0
3045.0	268.35835417452324	0
3055.0	267.3912275617894	0
3065.0	266.3539682816638	0
3075.0	265.3197291537875	0
3085.0	264.2931673148854	0
3095.0	263.2631522688651	0
3105.0	262.2362789605914	0
3115.0	261.19484467586807	0
3125.0	260.1599437260868	0
3135.0	259.09481458057513	0
3145.0	258.0115313325302	0
3155.0	256.896239515846	0
3165.0	255.76919075406929	0
3175.0	254.79001676996057	0
3185.0	253.6222014403988	0
3195.0	252.4578168829781	0
3205.0	251.28833521276442	0
3215.0	250.17001329167744	0
3225.0	248.97013363597532	0
3235.0	247.79886600350184	0
3245.0	246.63777853960553	0
3255.0	245.47569810594769	0
3265.0	244.29320805374675	0
3275.0	243.1688649381889	0
3285.0	242.05503174057242	0
3295.0	240.95436929284438	0
3305.0	239.8836168541688	0
3315.0	238.7858695242445	0
3325.0	237.7771016959155	0
3335.0	236.77810088999286	0
3345.0	235.8032546069795	0
3355.0	235.0094597578063	0
3365.0	234.13088893329737	0
3375.0	233.22598495385617	0
3385.0	232.45268392590316	0
3395.0	231.63602970774252	0
3405.0	230.8503774141086	0
3415.0	230.07459221282548	0
3425.0	229.35945246335447	0
3435.0	228.6543215148439	0
3445.0	228.01418238581184	0
3455.0	227.38971159759197	0
3465.0	226.81441796541876	0
3475.0	226.27398605572714	0
3485.0	225.75109564198766	0
3495.0	225.26586910565058	0
3505.0	224.81900238867559	0
3515.0	224.3969979673469	0
3525.0	224.01364621754018	0
3535.0	223.77881046599202	0
3545.0	223.52670848485798	0
3555.0	223.20280379725375	0
3565.0	222.88737031080396	0
3575.0	222.59772405082464	0
3585.0	222.30928831516087	0
3595.0	222.01997750372843	0
3605.0	221.7475564515017	0
3615.0	221.44478075752187	0
3625.0	221.14645670062774	0
3635.0	220.8298493748349	0
3645.0	220.48009265863337	0
3655.0	220.13644915551887	0
3665.0	219.7737272505997	0
3675.0	219.38500937579693	0
3685.0	218.98052358009133	0
3695.0	218.5658700595484	0
3705.0	218.12899073906038	0
3715.0	217.73656197018	0
3725.0	217.36249767490438	0
3735.0	216.8505797142515	0
3745.0	216.30987099583834	0
3755.0	215.76185906815329	0
3765.0	215.18905220534182	0
3775.0	214.60073641968168	0
3785.0	213.98073875663712	0
3795.0	213.35624158514358	0
3805.0	212.73367406424782	0
3815.0	212.08310077923912	0
3825.0	211.43130403961985	0
3835.0	210.78437599365463	0
3845.0	210.0435722712531	0
3855.0	209.28405073120894	0
3865.0	208.49072120327207	0
3875.0	207.67322677497057	0
3885.0	206.79873406132208	0
3895.0	205.89992099873956	0
3905.0	205.05914368815118	0
3915.0	204.06597430373319	0
3925.0	202.98584662638183	0
3935.0	201.8462602619963	0
3945.0	200.61459906784395	0
3955.0	199.29936602842605	0
3965.0	197.87105649714394	0
3975.0	196.32405346670413	0
3985.0	194.6471147559503	0
3995.0	192.82140157942825	0
4005.0	190.8173785171257	0
4015.0	188.64110027257715	0
4025.0	186.25568800586024	0
4035.0	183.67821168652506	0
4045.0	180.87619735808627	0
4055.0	177.8185968944467	0
4065.0	174.5066498237565	0
4075.0	170.96937889442785	0
4085.0	167.17184105018865	0
4095.0	163.22096733901813	0
4105.0	158.91058414223022	0
4115.0	154.34432430225073	0
4125.0	149.53549609394	0
4135.0	144.49469346139622	0
4145.0	139.2214542564526	0
4155.0	133.75859788385893	0
4165.0	128.11114484388455	0
4175.0	122.32647533209474	0
4185.0	116.41343472424907	0
4195.0	110.40648908810682	0
4205.0	104.35095666133994	0
4215.0	98.26529737420893	0
4225.0	92.18923279278624	0
4235.0	86.14615061220103	0
4245.0	80.19108790413779	0
4255.0	74.3488447073751	0
4265.0	68.63708791056717	0
4275.0	63.19749567055026	0
4285.0	57.853323129229175	0
4295.0	52.7385591707245	0
4305.0	47.858374263532184	0
4315.0	43.22752739929122	0
4325.0	38.879356693795	0
4335.0	34.78701323484726	0
4345.0	30.980168641715707	0
4355.0	27.454926228036946	0
4365.0	24.217859515507957	0
4375.0	21.24647335988151	0
4385.0	18.544902017714456	0
4395.0	16.095963825616046	0
4405.0	13.891044284232366	0
4415.0	11.921517616330364	0
4425.0	10.175468854564263	0
4435.0	8.618134801816948	0
4445.0	7.256170489649879	0
4455.0	6.080616282802653	0
4465.0	5.138626927897693	0
4475.0	4.248493747465651	0
4485.0	3.4851936707615465	0
4495.0	2.8315446723129036	0
4505.0	2.2842234000719586	0
4515.0	1.8161329254328777	0
4525.0	1.428534212355205	0
4535.0	1.1046200554636645	0
4545.0	0.838652571858376	0
4555.0	0.6102998848155677	0
4565.0	0.4211330013146442	0
4575.0	0.2819649348393583	0
4585.0	0.1589318528685126	0
4595.0	0.05513670104431942	0
4605.0	0.029579257780912874	0
4615.0	0.0277156675763263	0
4625.0	0.025947808366894747	0
4635.0	0.02429320235842326	0
4645.0	0.02276733352028527	0
4655.0	0.02138350039924637	0
4665.0	0.020152704030373832	0
4675.0	0.019083569820163043	0
4685.0	0.018182301803021828	0
4695.0	0.017452667368153457	0
4705.0	0.016896010419102186	0
4715.0	0.016511290950246862	0
4725.0	0.016295149179393446	0
4735.0	0.016241992629415294	0
4745.0	0.01634410486308118	0
4755.0	0.01659177489767267	0
4765.0	0.01658788468746425	0
4775.0	0.017168535228309335	0
4785.0	0.017840772325554553	0
4795.0	0.018590939590141603	0
4805.0	0.019404017964701783	0
4815.0	0.02026389056874357	0
4825.0	0.02115362507104898	0
4835.0	0.022055770063431592	0
4845.0	0.022952661391480295	0
4855.0	0.023826733829562463	0
4865.0	0.024660832918078177	0
4875.0	0.025438521265359317	0
4885.0	0.026144373210486686	0
4895.0	0.026412927390467824	0
4905.0	0.02700497098279806	0
4915.0	0.02747460894323879	0
4925.0	0.027815056828495503	0
4935.0	0.028021347162966996	0
4945.0	0.028090450038487976	0
4955.0	0.028021347162966996	0
4965.0	0.027815056828495503	0
4975.0	0.02747460894323879	0
4985.0	0.02700497098279806	0
4995.0	0.026412927390467824	0
5005.0	0.025706916518640884	0
5015.0	0.02489683058820303	0
5025.0	0.02399378529125266	0
5035.0	0.02300986652943663	0
5045.0	0.02195786233476246	0
5055.0	0.020850988246953923	0
5065.0	0.01970261432249154	0
5075.0	0.018526001542246612	0
5085.0	0.017683178030234722	0
5095.0	0.01656113511579034	0
5105.0	0.015460687023536295	0
5115.0	0.014394291934375927	0
5125.0	0.013373497859825702	0
5135.0	0.012408841535338397	0
5145.0	0.0115097778419344	0
5155.0	0.010684637934046217	0
5165.0	0.009940613288183839	0
5175.0	0.00928376212564557	0
5185.0	0.00871903412564193	0
5195.0	0.00825030904361487	0
5205.0	0.007880444782352874	0
5215.0	0.007611330619046667	0
5225.0	0.007443941648470053	0
5235.0	0.00737839103182838	0
5245.0	0.007749739213169165	0
5255.0	0.007953792049095671	0
5265.0	0.008267395165704686	0
5275.0	0.008689306430794241	0
5285.0	0.009217730437266942	0
5295.0	0.009850323823533904	0
5305.0	0.01058419177510386	0
5315.0	0.011415877557500459	0
5325.0	0.012341347346920106	0
5335.0	0.013355972906318396	0
5345.0	0.0144545147955004	0
5355.0	0.01563110880521098	0
5365.0	0.016514813471930973	0
5375.0	0.01789623128038588	0
5385.0	0.019322498752323225	0
5395.0	0.020787039656549877	0
5405.0	0.022282499981219943	0
5415.0	0.02380080963740295	0
5425.0	0.025333258699813725	0
5435.0	0.026870586872403145	0
5445.0	0.0284030844975633	0
5455.0	0.02992070311335665	0
5465.0	0.03141317331632672	0
5475.0	0.032870127517871876	0
5485.0	0.03428122509595833	0
5495.0	0.03563627744314134	0
5505.0	0.03692537049427322	0
5515.0	0.038138982476627795	0
5525.0	0.03926809485145755	0
5535.0	0.0403042946960846	0
5545.0	0.041239867094038624	0
5555.0	0.04206787644063399	0
5565.0	0.042782235915505014	0
5575.0	0.04337776470546498	0
5585.0	0.043850232865775114	0
5595.0	0.044196393973217854	0
5605.0	0.04441400594122012	0
5615.0	0.044501840530334125	0
5625.0	0.044459682195227994	0
5635.0	0.044288316964376954	0
5645.0	0.04398951205679223	0
5655.0	0.04356598691022358	0
5665.0	0.043021376238334366	0
5675.0	0.04236018566265471	0
5685.0	0.041587740391248434	0
5695.0	0.04071012735190241	0
5705.0	0.03973413114362481	0
5715.0	0.03866716415438171	0
5725.0	0.03751719121049014	0
5735.0	0.036292649175891666	0
5745.0	0.035002362006306124	0
5755.0	0.03365545187950499	0
5765.0	0.032261247161347026	0
5775.0	0.03082918811827196	0
5785.0	0.029368731439633443	0
5795.0	0.02788925477586855	0
5805.0	0.026399962619497747	0
5815.0	0.02490979494474814	0
5825.0	0.023427340069313213	0
5835.0	0.021960753201818065	0
5845.0	0.020517682087087333	0
5855.0	0.01910520105740488	0
5865.0	0.017729754643694026	0
5875.0	0.01639711170084764	0
5885.0	0.015112330763707875	0
5895.0	0.013879737083860548	0
5905.0	0.012702911513323747	0
5915.0	0.011584691111010034	0
5925.0	0.010527181063277123	0
5935.0	0.00953177724217712	0
5945.0	0.008599198484290218	0
5955.0	0.007729527467820157	0
5965.0	0.006922258902523521	0
5975.0	0.006176353630452049	0
5985.0	0.005141173835318977	0
5995.0	0.004574582996394309	0
6005.0	0.004053791505511032	0
6015.0	0.003577601627188757	0
6025.0	0.003144439365582485	0
6035.0	0.0027524227823759514	0
6045.0	0.0023994280817298285	0
6055.0	0.002083152214607333	0
6065.0	0.0018011710008576953	0
6075.0	0.0015509920134635846	0
6085.0	0.0013301017069238987	0
6095.0	0.001136006493819101	0
6105.0	0.0009662676746749104	0
6115.0	0.0008185303023238637	0
6125.0	0.0006905462105803196	0
6135.0	0.0005801915570986487	0
6145.0	0.00048547932191669044	0
6155.0	0.0004045672675840055	0
6165.0	0.0	0
6175.0	0.0	0
6185.0	0.0	0
6195.0	0.0	0
6205.0	0.0	0
6215.0	0.0	0
6225.0	0.0	0
6235.0	0.0	0
6245.0	0.0	0
6255.0	0.0	0
6265.0	0.0	0
6275.0	0.0	0
6285.0	0.0	0
6295.0	0.0	0
6305.0	0.0	0
6315.0	0.0	0
6325.0	0.0	0
6335.0	0.0	0
6345.0	0.0	0
6355.0	0.0	0
6365.0	0.0	0
6375.0	0.0	0
6385.0	0.0	0
6395.0	0.0	0
6405.0	0.0	0
6415.0	0.0	0
6425.0	0.0	0
6435.0	0.0	0
6445.0	0.0	0
6455.0	0.0	0
6465.0	0.0	0
6475.0	0.0	0
6485.0	0.0	0
6495.0	0.0	0
6505.0	0.0	0
6515.0	0.0	0
6525.0	0.0	0
6535.0	0.0	0
6545.0	0.0	0
6555.0	0.0	0
6565.0	0.0	0
6575.0	0.0	0
6585.0	0.0	0
6595.0	0.0	0
6605.0	0.0	0
6615.0	0.0	0
6625.0	0.0	0
6635.0	0.0	0
6645.0	0.0	0
6655.0	0.0	0
6665.0	0.0	0
6675.0	0.0	0
6685.0	0.0	0
6695.0	0.0	0
6705.0	0.0	0
6715.0	0.0	0
6725.0	0.0	0
6735.0	0.0	0
6745.0	0.0	0
6755.0	0.0	0
6765.0	0.0	0
6775.0	0.0	0
6785.0	0.0	0
6795.0	0.0	0
6805.0	0.0	0
6815.0	0.0	0
6825.0	0.0	0
6835.0	0.0	0
6845.0	0.0	0
6855.0	0.0	0
6865.0	0.0	0
6875.0	0.0	0
6885.0	0.0	0
6895.0	0.0	0
6905.0	0.0	0
6915.0	0.0	0
6925.0	0.0	0
6935.0	0.0	0
6945.0	0.0	0
6955.0	0.0	0
6965.0	0.0	0
6975.0	0.0	0
6985.0	0.0	0
6995.0	0.0	0
7005.0	0.0	0
7015.0	0.0	0
7025.0	0.0	0
7035.0	0.0	0
7045.0	0.0	0
7055.0	0.0	0
7065.0	0.0	0
7075.0	0.0	0
7085.0	0.0	0
7095.0	0.0	0
7105.0	0.0	0
7115.0	0.0	0
7125.0	0.0	0
7135.0	0.0	0
7145.0	0.0	0
7155.0	0.0	0
7165.0	0.0	0
7175.0	0.0	0
7185.0	0.0	0
7195.0	0.0	0
7205.0	0.0	0
7215.0	0.0	0
7225.0	0.0	0
7235.0	0.0	0
7245.0	0.0	0
7255.0	0.0	0
7265.0	0.0	0
7275.0	0.0	0
7285.0	0.0	0
7295.0	0.0	0
7305.0	0.0	0
7315.0	0.0	0
7325.0	0.0	0
7335.0	0.0	0
7345.0	0.0	0
7355.0	0.0	0
7365.0	0.0	0
7375.0	0.0	0
7385.0	0.0	0
7395.0	0.0	0
7405.0	0.0	0
7415.0	0.0	0
7425.0	0.0	0
7435.0	0.0	0
7445.0	0.0	0
7455.0	0.0	0
7465.0	0.0	0
7475.0	0.0	0
7485.0	0.0	0
7495.0	0.0	0
7505.0	0.0	0
7515.0	0.0	0
7525.0	0.0	0
7535.0	0.0	0
7545.0	0.0	0
7555.0	0.0	0
7565.0	0.0	0
7575.0	0.0	0
7585.0	0.0	0
7595.0	0.0	0
7605.0	0.0	0
7615.0	0.0	0
7625.0	0.0	0
7635.0	0.0	0
7645.0	0.0	0
7655.0	0.0	0
7665.0	0.0	0
7675.0	0.0	0
7685.0	0.0	0
7695.0	0.0	0
7705.0	0.0	0
7715.0	0.0	0
7725.0	0.0	0
7735.0	0.0	0
7745.0	0.0	0
7755.0	0.0	0
7765.0	0.0	0
7775.0	0.0	0
7785.0	0.0	0
7795.0	0.0	0
7805.0	0.0	0
7815.0	0.0	0
7825.0	0.0	0
7835.0	0.0	0
7845.0	0.0	0
7855.0	0.0	0
7865.0	0.0	0
7875.0	0.0	0
7885.0	0.0	0
7895.0	0.0	0
7905.0	0.0	0
7915.0	0.0	0
7925.0	0.0	0
7935.0	0.0	0
7945.0	0.0	0
7955.0	0.0	0
7965.0	0.0	0
7975.0	0.0	0
7985.0	0.0	0
7995.0	0.0	0
8005.0	0.0	0
8015.0	0.0	0
8025.0	0.0	0
8035.0	0.0	0
8045.0	0.0	0
8055.0	0.0	0
8065.0	0.0	0
8075.0	0.0	0
8085.0	0.0	0
8095.0	0.0	0
8105.0	0.0	0
8115.0	0.0	0
8125.0	0.0	0
8135.0	0.0	0
8145.0	0.0	0
8155.0	0.0	0
8165.0	0.0	0
8175.0	0.0	0
8185.0	0.0	0
8195.0	0.0	0
8205.0	0.0	0
8215.0	0.0	0
8225.0	0.0	0
8235.0	0.0	0
8245.0	0.0	0
8255.0	0.0	0
8265.0	0.0	0
8275.0	0.0	0
8285.0	0.0	0
8295.0	0.0	0
8305.0	0.0	0
8315.0	0.0	0
8325.0	0.0	0
8335.0	0.0	0
8345.0	0.0	0
8355.0	0.0	0
8365.0	0.0	0
8375.0	0.0	0
8385.0	0.0	0
8395.0	0.0	0
8405.0	0.0	0
8415.0	0.0	0
8425.0	0.0	0
8435.0	0.0	0
8445.0	0.0	0
8455.0	0.0	0
8465.0	0.0	0
8475.0	0.0	0
8485.0	0.0	0
8495.0	0.0	0
8505.0	0.0	0
8515.0	0.0	0
8525.0	0.0	0
8535.0	0.0	0
8545.0	0.0	0
8555.0	0.0	0
8565.0	0.0	0
8575.0	0.0	0
8585.0	0.0	0
8595.0	0.0	0
8605.0	0.0	0
8615.0	0.0	0
8625.0	0.0	0
8635.0	0.0	0
8645.0	0.0	0
8655.0	0.0	0
8665.0	0.0	0
8675.0	0.0	0
8685.0	0.0	0
8695.0	0.0	0
8705.0	0.0	0
8715.0	0.0	0
8725.0	0.0	0
8735.0	0.0	0
8745.0	0.0	0
8755.0	0.0	0
8765.0	0.0	0
8775.0	0.0	0
8785.0	0.0	0
8795.0	0.0	0
8805.0	0.0	0
8815.0	0.0	0
8825.0	0.0	0
8835.0	0.0	0
8845.0	0.0	0
8855.0	0.0	0
8865.0	0.0	0
8875.0	0.0	0
8885.0	0.0	0
8895.0	0.0	0
8905.0	0.0	0
8915.0	0.0	0
8925.0	0.0	0
8935.0	0.0	0
8945.0	0.0	0
8955.0	0.0	0
8965.0	0.0	0
8975.0	0.0	0
8985.0	0.0	0
8995.0	0.0	0
9005.0	0.0	0
9015.0	0.0	0
9025.0	0.0	0
9035.0	0.0	0
9045.0	0.0	0
9055.0	0.0	0
9065.0	0.0	0
9075.0	0.0	0
9085.0	0.0	0
9095.0	0.0	0
9105.0	0.0	0
9115.0	0.0	0
9125.0	0.0	0
9135.0	0.0	0
9145.0	0.0	0
9155.0	0.0	0
9165.0	0.0	0
9175.0	0.0	0
9185.0	0.0	0
9195.0	0.0	0
9205.0	0.0	0
9215.0	0.0	0
9225.0	0.0	0
9235.0	0.0	0
9245.0	0.0	0
9255.0	0.0	0
9265.0	0.0	0
9275.0	0.0	0
9285.0	0.0	0
9295.0	0.0	0
9305.0	0.0	0
9315.0	0.0	0
9325.0	0.0	0
9335.0	0.0	0
9345.0	0.0	0
9355.0	0.0	0
9365.0	0.0	0
9375.0	0.0	0
9385.0	0.0	0
9395.0	0.0	0
9405.0	0.0	0
9415.0	0.0	0
9425.0	0.0	0
9435.0	0.0	0
9445.0	0.0	0
9455.0	0.0	0
9465.0	0.0	0
9475.0	0.0	0
9485.0	0.0	0
9495.0	0.0	0
9505.0	0.0	0
9515.0	0.0	0
9525.0	0.0	0
9535.0	0.0	0
9545.0	0.0	0
9555.0	0.0	0
9565.0	0.0	0
9575.0	0.0	0
9585.0	0.0	0
9595.0	0.0	0
9605.0	0.0	0
9615.0	0.0	0
9625.0	0.0	0
9635.0	0.0	0
9645.0	0.0	0
9655.0	0.0	0
9665.0	0.0	0
9675.0	0.0	0
9685.0	0.0	0
9695.0	0.0	0
9705.0	0.0	0
9715.0	0.0	0
9725.0	0.0	0
9735.0	0.0	0
9745.0	0.0	0
9755.0	0.0	0
9765.0	0.0	0
9775.0	0.0	0
9785.0	0.0	0
9795.0	0.0	0
9805.0	0.0	0
9815.0	0.0	0
9825.0	0.0	0
9835.0	0.0	0
9845.0	0.0	0
9855.0	0.0	0
9865.0	0.0	0
9875.0	0.0	0
9885.0	0.0	0
9895.0	0.0	0
9905.0	0.0	0
9915.0	0.0	0
9925.0	0.0	0
9935.0	0.0	0
9945.0	0.0	0
9955.0	0.0	0
9965.0	0.0	0
9975.0	0.0	0
9985.0	0.0	0
9995.0	0.0	0
10005.0	0.0	0
10015.0	0.0	0
10025.0	0.0	0
10035.0	0.0	0
10045.0	0.0	0
10055.0	0.0	0
10065.0	0.0	0
10075.0	0.0	0
10085.0	0.0	0
10095.0	0.0	0
10105.0	0.0	0
10115.0	0.0	0
10125.0	0.0	0
10135.0	0.0	0
10145.0	0.0	0
10155.0	0.0	0
10165.0	0.0	0
10175.0	0.0	0
10185.0	0.0	0
10195.0	0.0	0
10205.0	0.0	0
10215.0	0.0	0
10225.0	0.0	0
10235.0	0.0	0
10245.0	0.0	0
10255.0	0.0	0
10265.0	0.0	0
10275.0	0.0	0
10285.0	0.0	0
10295.0	0.0	0
10305.0	0.0	0
10315.0	0.0	0
10325.0	0.0	0
10335.0	0.0	0
10345.0	0.0	0
10355.0	0.0	0
10365.0	0.0	0
10375.0	0.0	0
10385.0	0.0	0
10395.0	0.0	0
10405.0	0.0	0
10415.0	0.0	0
10425.0	0.0	0
10435.0	0.0	0
10445.0	0.0	0
10455.0	0.0	0
10465.0	0.0	0
10475.0	0.0	0
10485.0	0.0	0
10495.0	0.0	0
10505.0	0.0	0
10515.0	0.0	0
10525.0	0.0	0
10535.0	0.0	0
10545.0	0.0	0
10555.0	0.0	0
10565.0	0.0	0
10575.0	0.0	0
10585.0	0.0	0
10595.0	0.0	0
10605.0	0.0	0
10615.0	0.0	0
10625.0	0.0	0
10635.0	0.0	0
10645.0	0.0	0
10655.0	0.0	0
10665.0	0.0	0
10675.0	0.0	0
10685.0	0.0	0
10695.0	0.0	0
10705.0	0.0	0
10715.0	0.0	0
10725.0	0.0	0
10735.0	0.0	0
10745.0	0.0	0
10755.0	0.0	0
10765.0	0.0	0
10775.0	0.0	0
10785.0	0.0	0
10795.0	0.0	0
10805.0	0.0	0
10815.0	0.0	0
10825.0	0.0	0
10835.0	0.0	0
10845.0	0.0	0
10855.0	0.0	0
10865.0	0.0	0
10875.0	0.0	0
10885.0	0.0	0
10895.0	0.0	0
10905.0	0.0	0
10915.0	0.0	0
10925.0	0.0	0
10935.0	0.0	0
10945.0	0.0	0
10955.0	0.0	0
10965.0	0.0	0
10975.0	0.0	0
10985.0	0.0	0
10995.0	0.0	0
11005.0	0.0	0
11015.0	0.0	0
11025.0	0.0	0
11035.0	0.0	0
11045.0	0.0	0
11055.0	0.0	0
11065.0	0.0	0
11075.0	0.0	0
11085.0	0.0	0
11095.0	0.0	0
11105.0	0.0	0
11115.0	0.0	0
11125.0	0.0	0
11135.0	0.0	0
11145.0	0.0	0
11155.0	0.0	0
11165.0	0.0	0
11175.0	0.0	0
11185.0	0.0	0
11195.0	0.0	0
11205.0	0.0	0
11215.0	0.0	0
11225.0	0.0	0
11235.0	0.0	0
11245.0	0.0	0
11255.0	0.0	0
11265.0	0.0	0
11275.0	0.0	0
11285.0	0.0	0
11295.0	0.0	0
11305.0	0.0	0
11315.0	0.0	0
11325.0	0.0	0
11335.0	0.0	0
11345.0	0.0	0
11355.0	0.0	0
11365.0	0.0	0
11375.0	0.0	0
11385.0	0.0	0
11395.0	0.0	0
11405.0	0.0	0
11415.0	0.0	0
11425.0	0.0	0
11435.0	0.0	0
11445.0	0.0	0
11455.0	0.0	0
11465.0	0.0	0
11475.0	0.0	0
11485.0	0.0	0
11495.0	0.0	0
11505.0	0.0	0
11515.0	0.0	0
11525.0	0.0	0
11535.0	0.0	0
11545.0	0.0	0
11555.0	0.0	0
11565.0	0.0	0
11575.0	0.0	0
11585.0	0.0	0
11595.0	0.0	0
11605.0	0.0	0
11615.0	0.0	0
11625.0	0.0	0
11635.0	0.0	0
11645.0	0.0	0
11655.0	0.0	0
11665.0	0.0	0
11675.0	0.0	0
11685.0	0.0	0
11695.0	0.0	0
11705.0	0.0	0
11715.0	0.0	0
11725.0	0.0	0
11735.0	0.0	0
11745.0	0.0	0
11755.0	0.0	0
11765.0	0.0	0
11775.0	0.0	0
11785.0	0.0	0
11795.0	0.0	0
11805.0	0.0	0
11815.0	0.0	0
11825.0	0.0	0
11835.0	0.0	0
11845.0	0.0	0
11855.0	0.0	0
11865.0	0.0	0
11875.0	0.0	0
11885.0	0.0	0
11895.0	0.0	0
11905.0	0.0	0
11915.0	0.0	0
11925.0	0.0	0
11935.0	0.0	0
11945.0	0.0	0
11955.0	0.0	0
11965.0	0.0	0
11975.0	0.0	0
11985.0	0.0	0
11995.0	0.0	0
12005.0	0.0	0
12015.0	0.0	0
12025.0	0.0	0
12035.0	0.0	0
12045.0	0.0	0
12055.0	0.0	0
12065.0	0.0	0
12075.0	0.0	0
12085.0	0.0	0
12095.0	0.0	0
12105.0	0.0	0
12115.0	0.0	0
12125.0	0.0	0
12135.0	0.0	0
12145.0	0.0	0
12155.0	0.0	0
12165.0	0.0	0
12175.0	0.0	0
12185.0	0.0	0
12195.0	0.0	0
12205.0	0.0	0
12215.0	0.0	0
12225.0	0.0	0
12235.0	0.0	0
12245.0	0.0	0
12255.0	0.0	0
12265.0	0.0	0
12275.0	0.0	0
12285.0	0.0	0
12295.0	0.0	0
12305.0	0.0	0
12315.0	0.0	0
12325.0	0.0	0
12335.0	0.0	0
12345.0	0.0	0
12355.0	0.0	0
12365.0	0.0	0
12375.0	0.0	0
12385.0	0.0	0
12395.0	0.0	0
12405.0	0.0	0
12415.0	0.0	0
12425.0	0.0	0
12435.0	0.0	0
12445.0	0.0	0
12455.0	0.0	0
12465.0	0.0	0
12475.0	0.0	0
12485.0	0.0	0
12495.0	0.0	0
12505.0	0.0	0
12515.0	0.0	0
12525.0	0.0	0
12535.0	0.0	0
12545.0	0.0	0
12555.0	0.0	0
12565.0	0.0	0
12575.0	0.0	0
12585.0	0.0	0
12595.0	0.0	0
12605.0	0.0	0
12615.0	0.0	0
12625.0	0.0	0
12635.0	0.0	0
12645.0	0.0	0
12655.0	0.0	0
12665.0	0.0	0
12675.0	0.0	0
12685.0	0.0	0
12695.0	0.0	0
12705.0	0.0	0
12715.0	0.0	0
12725.0	0.0	0
12735.0	0.0	0
12745.0	0.0	0
12755.0	0.0	0
12765.0	0.0	0
12775.0	0.0	0
12785.0	0.0	0
12795.0	0.0	0
12805.0	0.0	0
12815.0	0.0	0
12825.0	0.0	0
12835.0	0.0	0
12845.0	0.0	0
12855.0	0.0	0
12865.0	0.0	0
12875.0	0.0	0
12885.0	0.0	0
12895.0	0.0	0
12905.0	0.0	0
12915.0	0.0	0
12925.0	0.0	0
12935.0	0.0	0
12945.0	0.0	0
12955.0	0.0	0
12965.0	0.0	0
12975.0	0.0	0
12985.0	0.0	0
12995.0	0.0	0
13005.0	0.0	0
13015.0	0.0	0
13025.0	0.0	0
13035.0	0.0	0
13045.0	0.0	0
13055.0	0.0	0
13065.0	0.0	0
13075.0	0.0	0
13085.0	0.0	0
13095.0	0.0	0
13105.0	0.0	0
13115.0	0.0	0
13125.0	0.0	0
13135.0	0.0	0
13145.0	0.0	0
13155.0	0.0	0
13165.0	0.0	0
13175.0	0.0	0
13185.0	0.0	0
13195.0	0.0	0
13205.0	0.0	0
13215.0	0.0	0
13225.0	0.0	0
13235.0	0.0	0
13245.0	0.0	0
13255.0	0.0	0
13265.0	0.0	0
13275.0	0.0	0
13285.0	0.0	0
13295.0	0.0	0
13305.0	0.0	0
13315.0	0.0	0
13325.0	0.0	0
13335.0	0.0	0
13345.0	0.0	0
13355.0	0.0	0
13365.0	0.0	0
13375.0	0.0	0
13385.0	0.0	0
13395.0	0.0	0
13405.0	0.0	0
13415.0	0.0	0
13425.0	0.0	0
13435.0	0.0	0
13445.0	0.0	0
13455.0	0.0	0
13465.0	0.0	0
13475.0	0.0	0
13485.0	0.0	0
13495.0	0.0	0
13505.0	0.0	0
13515.0	0.0	0
13525.0	0.0	0
13535.0	0.0	0
13545.0	0.0	0
13555.0	0.0	0
13565.0	0.0	0
13575.0	0.0	0
13585.0	0.0	0
13595.0	0.0	0
13605.0	0.0	0
13615.0	0.0	0
13625.0	0.0	0
13635.0	0.0	0
13645.0	0.0	0
13655.0	0.0	0
13665.0	0.0	0
13675.0	0.0	0
13685.0	0.0	0
13695.0	0.0	0
13705.0	0.0	0
13715.0	0.0	0
13725.0	0.0	0
13735.0	0.0	0
13745.0	0.0	0
13755.0	0.0	0
13765.0	0.0	0
13775.0	0.0	0
13785.0	0.0	0
13795.0	0.0	0
13805.0	0.0	0
13815.0	0.0	0
13825.0	0.0	0
13835.0	0.0	0
13845.0	0.0	0
13855.0	0.0	0
13865.0	0.0	0
13875.0	0.0	0
13885.0	0.0	0
13895.0	0.0	0
13905.0	0.0	0
13915.0	0.0	0
13925.0	0.0	0
13935.0	0.0	0
13945.0	0.0	0
13955.0	0.0	0
13965.0	0.0	0
13975.0	0.0	0
13985.0	0.0	0
13995.0	0.0	0
14005.0	0.0	0
14015.0	0.0	0
14025.0	0.0	0
14035.0	0.0	0
14045.0	0.0	0
14055.0	0.0	0
14065.0	0.0	0
14075.0	0.0	0
14085.0	0.0	0
14095.0	0.0	0
14105.0	0.0	0
14115.0	0.0	0
14125.0	0.0	0
14135.0	0.0	0
14145.0	0.0	0
14155.0	0.0	0
14165.0	0.0	0
14175.0	0.0	0
14185.0	0.0	0
14195.0	0.0	0
14205.0	0.0	0
14215.0	0.0	0
14225.0	0.0	0
14235.0	0.0	0
14245.0	0.0	0
14255.0	0.0	0
14265.0	0.0	0
14275.0	0.0	0
14285.0	0.0	0
14295.0	0.0	0
14305.0	0.0	0
14315.0	0.0	0
14325.0	0.0	0
14335.0	0.0	0
14345.0	0.0	0
14355.0	0.0	0
14365.0	0.0	0
14375.0	0.0	0
14385.0	0.0	0
14395.0	0.0	0
14405.0	0.0	0
14415.0	0.0	0
14425.0	0.0	0
14435.0	0.0	0
14445.0	0.0	0
14455.0	0.0	0
14465.0	0.0	0
14475.0	0.0	0
14485.0	0.0	0
14495.0	0.0	0
14505.0	0.0	0
14515.0	0.0	0
14525.0	0.0	0
14535.0	0.0	0
14545.0	0.0	0
14555.0	0.0	0
14565.0	0.0	0
14575.0	0.0	0
14585.0	0.0	0
14595.0	0.0	0
14605.0	0.0	0
14615.0	0.0	0
14625.0	0.0	0
14635.0	0.0	0
14645.0	0.0	0
14655.0	0.0	0
14665.0	0.0	0
14675.0	0.0	0
14685.0	0.0	0
14695.0	0.0	0
14705.0	0.0	0
14715.0	0.0	0
14725.0	0.0	0
14735.0	0.0	0
14745.0	0.0	0
14755.0	0.0	0
14765.0	0.0	0
14775.0	0.0	0
14785.0	0.0	0
14795.0	0.0	0
14805.0	0.0	0
14815.0	0.0	0
14825.0	0.0	0
14835.0	0.0	0
14845.0	0.0	0
14855.0	0.0	0
14865.0	0.0	0
14875.0	0.0	0
14885.0	0.0	0
14895.0	0.0	0
14905.0	0.0	0
14915.0	0.0	0
14925.0	0.0	0
14935.0	0.0	0
14945.0	0.0	0
14955.0	0.0	0
14965.0	0.0	0
14975.0	0.0	0
14985.0	0.0	0
14995.0	0.0	0
15005.0	0.0	0
15015.0	0.0	0
15025.0	0.0	0
15035.0	0.0	0
15045.0	0.0	0
15055.0	0.0	0
15065.0	0.0	0
15075.0	0.0	0
15085.0	0.0	0
15095.0	0.0	0
15105.0	0.0	0
15115.0	0.0	0
15125.0	0.0	0
15135.0	0.0	0
15145.0	0.0	0
15155.0	0.0	0
15165.0	0.0	0
15175.0	0.0	0
15185.0	0.0	0
15195.0	0.0	0
15205.0	0.0	0
15215.0	0.0	0
15225.0	0.0	0
15235.0	0.0	0
15245.0	0.0	0
15255.0	0.0	0
15265.0	0.0	0
15275.0	0.0	0
15285.0	0.0	0
15295.0	0.0	0
15305.0	0.0	0
15315.0	0.0	0
15325.0	0.0	0
15335.0	0.0	0
15345.0	0.0	0
15355.0	0.0	0
15365.0	0.0	0
15375.0	0.0	0
15385.0	0.0	0
15395.0	0.0	0
15405.0	0.0	0
15415.0	0.0	0
15425.0	0.0	0
15435.0	0.0	0
15445.0	0.0	0
15455.0	0.0	0
15465.0	0.0	0
15475.0	0.0	0
15485.0	0.0	0
15495.0	0.0	0
15505.0	0.0	0
15515.0	0.0	0
15525.0	0.0	0
15535.0	0.0	0
15545.0	0.0	0
15555.0	0.0	0
15565.0	0.0	0
15575.0	0.0	0
15585.0	0.0	0
15595.0	0.0	0
15605.0	0.0	0
15615.0	0.0	0
15625.0	0.0	0
15635.0	0.0	0
15645.0	0.0	0
15655.0	0.0	0
15665.0	0.0	0
15675.0	0.0	0
15685.0	0.0	0
15695.0	0.0	0
15705.0	0.0	0
15715.0	0.0	0
15725.0	0.0	0
15735.0	0.0	0
15745.0	0.0	0
15755.0	0.0	0
15765.0	0.0	0
15775.0	0.0	0
15785.0	0.0	0
15795.0	0.0	0
15805.0	0.0	0
15815.0	0.0	0
15825.0	0.0	0
15835.0	0.0	0
15845.0	0.0	0
15855.0	0.0	0
15865.0	0.0	0
15875.0	0.0	0
15885.0	0.0	0
15895.0	0.0	0
15905.0	0.0	0
15915.0	0.0	0
15925.0	0.0	0
15935.0	0.0	0
15945.0	0.0	0
15955.0	0.0	0
15965.0	0.0	0
15975.0	0.0	0
15985.0	0.0	0
15995.0	0.0	0
16005.0	0.0	0
16015.0	0.0	0
16025.0	0.0	0
16035.0	0.0	0
16045.0	0.0	0
16055.0	0.0	0
16065.0	0.0	0
16075.0	0.0	0
16085.0	0.0	0
16095.0	0.0	0
16105.0	0.0	0
16115.0	0.0	0
16125.0	0.0	0
16135.0	0.0	0
16145.0	0.0	0
16155.0	0.0	0
16165.0	0.0	0
16175.0	0.0	0
16185.0	0.0	0
16195.0	0.0	0
16205.0	0.0	0
16215.0	0.0	0
16225.0	0.0	0
16235.0	0.0	0
16245.0	0.0	0
16255.0	0.0	0
16265.0	0.0	0
16275.0	0.0	0
16285.0	0.0	0
16295.0	0.0	0
16305.0	0.0	0
16315.0	0.0	0
16325.0	0.0	0
16335.0	0.0	0
16345.0	0.0	0
16355.0	0.0	0
16365.0	0.0	0
16375.0	0.0	0
16385.0	0.0	0
16395.0	0.0	0
16405.0	0.0	0
16415.0	0.0	0
16425.0	0.0	0
16435.0	0.0	0
16445.0	0.0	0
16455.0	0.0	0
16465.0	0.0	0
16475.0	0.0	0
16485.0	0.0	0
16495.0	0.0	0
16505.0	0.0	0
16515.0	0.0	0
16525.0	0.0	0
16535.0	0.0	0
16545.0	0.0	0
16555.0	0.0	0
16565.0	0.0	0
16575.0	0.0	0
16585.0	0.0	0
16595.0	0.0	0
16605.0	0.0	0
16615.0	0.0	0
16625.0	0.0	0
16635.0	0.0	0
16645.0	0.0	0
16655.0	0.0	0
16665.0	0.0	0
16675.0	0.0	0
16685.0	0.0	0
16695.0	0.0	0
16705.0	0.0	0
16715.0	0.0	0
16725.0	0.0	0
16735.0	0.0	0
16745.0	0.0	0
16755.0	0.0	0
16765.0	0.0	0
16775.0	0.0	0
16785.0	0.0	0
16795.0	0.0	0
16805.0	0.0	0
16815.0	0.0	0
16825.0	0.0	0
16835.0	0.0	0
16845.0	0.0	0
16855.0	0.0	0
16865.0	0.0	0
16875.0	0.0	0
16885.0	0.0	0
16895.0	0.0	0
16905.0	0.0	0
16915.0	0.0	0
16925.0	0.0	0
16935.0	0.0	0
16945.0	0.0	0
16955.0	0.0	0
16965.0	0.0	0
16975.0	0.0	0
16985.0	0.0	0
16995.0	0.0	0
17005.0	0.0	0
17015.0	0.0	0
17025.0	0.0	0
17035.0	0.0	0
17045.0	0.0	0
17055.0	0.0	0
17065.0	0.0	0
17075.0	0.0	0
17085.0	0.0	0
17095.0	0.0	0
17105.0	0.0	0
17115.0	0.0	0
17125.0	0.0	0
17135.0	0.0	0
17145.0	0.0	0
17155.0	0.0	0
17165.0	0.0	0
17175.0	0.0	0
17185.0	0.0	0
17195.0	0.0	0
17205.0	0.0	0
17215.0	0.0	0
17225.0	0.0	0
17235.0	0.0	0
17245.0	0.0	0
17255.0	0.0	0
17265.0	0.0	0
17275.0	0.0	0
17285.0	0.0	0
17295.0	0.0	0
17305.0	0.0	0
17315.0	0.0	0
17325.0	0.0	0
17335.0	0.0	0
17345.0	0.0	0
17355.0	0.0	0
17365.0	0.0	0
17375.0	0.0	0
17385.0	0.0	0
17395.0	0.0	0
17405.0	0.0	0
17415.0	0.0	0
17425.0	0.0	0
17435.0	0.0	0
17445.0	0.0	0
17455.0	0.0	0
17465.0	0.0	0
17475.0	0.0	0
17485.0	0.0	0
17495.0	0.0	0
17505.0	0.0	0
17515.0	0.0	0
17525.0	0.0	0
17535.0	0.0	0
17545.0	0.0	0
17555.0	0.0	0
17565.0	0.0	0
17575.0	0.0	0
17585.0	0.0	0
17595.0	0.0	0
17605.0	0.0	0
17615.0	0.0	0
17625.0	0.0	0
17635.0	0.0	0
17645.0	0.0	0
17655.0	0.0	0
17665.0	0.0	0
17675.0	0.0	0
17685.0	0.0	0
17695.0	0.0	0
17705.0	0.0	0
17715.0	0.0	0
17725.0	0.0	0
17735.0	0.0	0
17745.0	0.0	0
17755.0	0.0	0
17765.0	0.0	0
17775.0	0.0	0
17785.0	0.0	0
17795.0	0.0	0
17805.0	0.0	0
17815.0	0.0	0
17825.0	0.0	0
17835.0	0.0	0
17845.0	0.0	0
17855.0	0.0	0
17865.0	0.0	0
17875.0	0.0	0
17885.0	0.0	0
17895.0	0.0	0
17905.0	0.0	0
17915.0	0.0	0
17925.0	0.0	0
17935.0	0.0	0
17945.0	0.0	0
17955.0	0.0	0
17965.0	0.0	0
17975.0	0.0	0
17985.0	0.0	0
17995.0	0.0	0
18005.0	0.0	0
18015.0	0.0	0
18025.0	0.0	0
18035.0	0.0	0
18045.0	0.0	0
18055.0	0.0	0
18065.0	0.0	0
18075.0	0.0	0
18085.0	0.0	0
18095.0	0.0	0
18105.0	0.0	0
18115.0	0.0	0
18125.0	0.0	0
18135.0	0.0	0
18145.0	0.0	0
18155.0	0.0	0
18165.0	0.0	0
18175.0	0.0	0
18185.0	0.0	0
18195.0	0.0	0
18205.0	0.0	0
18215.0	0.0	0
18225.0	0.0	0
18235.0	0.0	0
18245.0	0.0	0
18255.0	0.0	0
18265.0	0.0	0
18275.0	0.0	0
18285.0	0.0	0
18295.0	0.0	0
18305.0	0.0	0
18315.0	0.0	0
18325.0	0.0	0
18335.0	0.0	0
18345.0	0.0	0
18355.0	0.0	0
18365.0	0.0	0
18375.0	0.0	0
18385.0	0.0	0
18395.0	0.0	0
18405.0	0.0	0
18415.0	0.0	0
18425.0	0.0	0
18435.0	0.0	0
18445.0	0.0	0
18455.0	0.0	0
18465.0	0.0	0
18475.0	0.0	0
18485.0	0.0	0
18495.0	0.0	0
18505.0	0.0	0
18515.0	0.0	0
18525.0	0.0	0
18535.0	0.0	0
18545.0	0.0	0
18555.0	0.0	0
18565.0	0.0	0
18575.0	0.0	0
18585.0	0.0	0
18595.0	0.0	0
18605.0	0.0	0
18615.0	0.0	0
18625.0	0.0	0
18635.0	0.0	0
18645.0	0.0	0
18655.0	0.0	0
18665.0	0.0	0
18675.0	0.0	0
18685.0	0.0	0
18695.0	0.0	0
18705.0	0.0	0
18715.0	0.0	0
18725.0	0.0	0
18735.0	0.0	0
18745.0	0.0	0
18755.0	0.0	0
18765.0	0.0	0
18775.0	0.0	0
18785.0	0.0	0
18795.0	0.0	0
18805.0	0.0	0
18815.0	0.0	0
18825.0	0.0	0
18835.0	0.0	0
18845.0	0.0	0
18855.0	0.0	0
18865.0	0.0	0
18875.0	0.0	0
18885.0	0.0	0
18895.0	0.0	0
18905.0	0.0	0
18915.0	0.0	0
18925.0	0.0	0
18935.0	0.0	0
18945.0	0.0	0
18955.0	0.0	0
18965.0	0.0	0
18975.0	0.0	0
18985.0	0.0	0
18995.0	0.0	0
19005.0	0.0	0
19015.0	0.0	0
19025.0	0.0	0
19035.0	0.0	0
19045.0	0.0	0
19055.0	0.0	0
19065.0	0.0	0
19075.0	0.0	0
19085.0	0.0	0
19095.0	0.0	0
19105.0	0.0	0
19115.0	0.0	0
19125.0	0.0	0
19135.0	0.0	0
19145.0	0.0	0
19155.0	0.0	0
19165.0	0.0	0
19175.0	0.0	0
19185.0	0.0	0
19195.0	0.0	0
19205.0	0.0	0
19215.0	0.0	0
19225.0	0.0	0
19235.0	0.0	0
19245.0	0.0	0
19255.0	0.0	0
19265.0	0.0	0
19275.0	0.0	0
19285.0	0.0	0
19295.0	0.0	0
19305.0	0.0	0
19315.0	0.0	0
19325.0	0.0	0
19335.0	0.0	0
19345.0	0.0	0
19355.0	0.0	0
19365.0	0.0	0
19375.0	0.0	0
19385.0	0.0	0
19395.0	0.0	0
19405.0	0.0	0
19415.0	0.0	0
19425.0	0.0	0
19435.0	0.0	0
19445.0	0.0	0
19455.0	0.0	0
19465.0	0.0	0
19475.0	0.0	0
19485.0	0.0	0
19495.0	0.0	0
19505.0	0.0	0
19515.0	0.0	0
19525.0	0.0	0
19535.0	0.0	0
19545.0	0.0	0
19555.0	0.0	0
19565.0	0.0	0
19575.0	0.0	0
19585.0	0.0	0
19595.0	0.0	0
19605.0	0.0	0
19615.0	0.0	0
19625.0	0.0	0
19635.0	0.0	0
19645.0	0.0	0
19655.0	0.0	0
19665.0	0.0	0
19675.0	0.0	0
19685.0	0.0	0
19695.0	0.0	0
19705.0	0.0	0
19715.0	0.0	0
19725.0	0.0	0
19735.0	0.0	0
19745.0	0.0	0
19755.0	0.0	0
19765.0	0.0	0
19775.0	0.0	0
19785.0	0.0	0
19795.0	0.0	0
19805.0	0.0	0
19815.0	0.0	0
19825.0	0.0	0
19835.0	0.0	0
19845.0	0.0	0
19855.0	0.0	0
19865.0	0.0	0
19875.0	0.0	0
19885.0	0.0	0
19895.0	0.0	0
19905.0	0.0	0
19915.0	0.0	0
19925.0	0.0	0
19935.0	0.0	0
19945.0	0.0	0
19955.0	0.0	0
19965.0	0.0	0
19975.0	0.0	0
19985.0	0.0	0
19995.0	0.0	0
20005.0	0.0	0
20015.0	0.0	0
20025.0	0.0	0
20035.0	0.0	0
20045.0	0.0	0
20055.0	0.0	0
20065.0	0.0	0
20075.0	0.0	0
20085.0	0.0	0
20095.0	0.0	0
20105.0	0.0	0
20115.0	0.0	0
20125.0	0.0	0
20135.0	0.0	0
20145.0	0.0	0
20155.0	0.0	0
20165.0	0.0	0
20175.0	0.0	0
20185.0	0.0	0
20195.0	0.0	0
20205.0	0.0	0
20215.0	0.0	0
20225.0	0.0	0
20235.0	0.0	0
20245.0	0.0	0
20255.0	0.0	0
20265.0	0.0	0
20275.0	0.0	0
20285.0	0.0	0
20295.0	0.0	0
20305.0	0.0	0
20315.0	0.0	0
20325.0	0.0	0
20335.0	0.0	0
20345.0	0.0	0
20355.0	0.0	0
20365.0	0.0	0
20375.0	0.0	0
20385.0	0.0	0
20395.0	0.0	0
20405.0	0.0	0
20415.0	0.0	0
20425.0	0.0	0
20435.0	0.0	0
20445.0	0.0	0
20455.0	0.0	0
20465.0	0.0	0
20475.0	0.0	0
20485.0	0.0	0
20495.0	0.0	0
20505.0	0.0	0
20515.0	0.0	0
20525.0	0.0	0
20535.0	0.0	0
20545.0	0.0	0
20555.0	0.0	0
20565.0	0.0	0
20575.0	0.0	0
20585.0	0.0	0
20595.0	0.0	0
20605.0	0.0	0
20615.0	0.0	0
20625.0	0.0	0
20635.0	0.0	0
20645.0	0.0	0
20655.0	0.0	0
20665.0	0.0	0
20675.0	0.0	0
20685.0	0.0	0
20695.0	0.0	0
20705.0	0.0	0
20715.0	0.0	0
20725.0	0.0	0
20735.0	0.0	0
20745.0	0.0	0
20755.0	0.0	0
20765.0	0.0	0
20775.0	0.0	0
20785.0	0.0	0
20795.0	0.0	0
20805.0	0.0	0
20815.0	0.0	0
20825.0	0.0	0
20835.0	0.0	0
20845.0	0.0	0
20855.0	0.0	0
20865.0	0.0	0
20875.0	0.0	0
20885.0	0.0	0
20895.0	0.0	0
20905.0	0.0	0
20915.0	0.0	0
20925.0	0.0	0
20935.0	0.0	0
20945.0	0.0	0
20955.0	0.0	0
20965.0	0.0	0
20975.0	0.0	0
20985.0	0.0	0
20995.0	0.0	0
21005.0	0.0	0
21015.0	0.0	0
21025.0	0.0	0
21035.0	0.0	0
21045.0	0.0	0
21055.0	0.0	0
21065.0	0.0	0
21075.0	0.0	0
21085.0	0.0	0
21095.0	0.0	0
21105.0	0.0	0
21115.0	0.0	0
21125.0	0.0	0
21135.0	0.0	0
21145.0	0.0	0
21155.0	0.0	0
21165.0	0.0	0
21175.0	0.0	0
21185.0	0.0	0
21195.0	0.0	0
21205.0	0.0	0
21215.0	0.0	0
21225.0	0.0	0
21235.0	0.0	0
21245.0	0.0	0
21255.0	0.0	0
21265.0	0.0	0
21275.0	0.0	0
21285.0	0.0	0
21295.0	0.0	0
21305.0	0.0	0
21315.0	0.0	0
21325.0	0.0	0
21335.0	0.0	0
21345.0	0.0	0
21355.0	0.0	0
21365.0	0.0	0
21375.0	0.0	0
21385.0	0.0	0
21395.0	0.0	0
21405.0	0.0	0
21415.0	0.0	0
21425.0	0.0	0
21435.0	0.0	0
21445.0	0.0	0
21455.0	0.0	0
21465.0	0.0	0
21475.0	0.0	0
21485.0	0.0	0
21495.0	0.0	0
21505.0	0.0	0
21515.0	0.0	0
21525.0	0.0	0
21535.0	0.0	0
21545.0	0.0	0
21555.0	0.0	0
21565.0	0.0	0
21575.0	0.0	0
21585.0	0.0	0
21595.0	0.0	0
21605.0	0.0	0
21615.0	0.0	0
21625.0	0.0	0
21635.0	0.0	0
21645.0	0.0	0
21655.0	0.0	0
21665.0	0.0	0
21675.0	0.0	0
21685.0	0.0	0
21695.0	0.0	0
21705.0	0.0	0
21715.0	0.0	0
21725.0	0.0	0
21735.0	0.0	0
21745.0	0.0	0
21755.0	0.0	0
21765.0	0.0	0
21775.0	0.0	0
21785.0	0.0	0
21795.0	0.0	0
21805.0	0.0	0
21815.0	0.0	0
21825.0	0.0	0
21835.0	0.0	0
21845.0	0.0	0
21855.0	0.0	0
21865.0	0.0	0
21875.0	0.0	0
21885.0	0.0	0
21895.0	0.0	0
21905.0	0.0	0
21915.0	0.0	0
21925.0	0.0	0
21935.0	0.0	0
21945.0	0.0	0
21955.0	0.0	0
21965.0	0.0	0
21975.0	0.0	0
21985.0	0.0	0
21995.0	0.0	0
22005.0	0.0	0
22015.0	0.0	0
22025.0	0.0	0
22035.0	0.0	0
22045.0	0.0	0
22055.0	0.0	0
22065.0	0.0	0
22075.0	0.0	0
22085.0	0.0	0
22095.0	0.0	0
22105.0	0.0	0
22115.0	0.0	0
22125.0	0.0	0
22135.0	0.0	0
22145.0	0.0	0
22155.0	0.0	0
22165.0	0.0	0
22175.0	0.0	0
22185.0	0.0	0
22195.0	0.0	0
22205.0	0.0	0
22215.0	0.0	0
22225.0	0.0	0
22235.0	0.0	0
22245.0	0.0	0
22255.0	0.0	0
22265.0	0.0	0
22275.0	0.0	0
22285.0	0.0	0
22295.0	0.0	0
22305.0	0.0	0
22315.0	0.0	0
22325.0	0.0	0
22335.0	0.0	0
22345.0	0.0	0
22355.0	0.0	0
22365.0	0.0	0
22375.0	0.0	0
22385.0	0.0	0
22395.0	0.0	0
22405.0	0.0	0
22415.0	0.0	0
22425.0	0.0	0
22435.0	0.0	0
22445.0	0.0	0
22455.0	0.0	0
22465.0	0.0	0
22475.0	0.0	0
22485.0	0.0	0
22495.0	0.0	0
22505.0	0.0	0
22515.0	0.0	0
22525.0	0.0	0
22535.0	0.0	0
22545.0	0.0	0
22555.0	0.0	0
22565.0	0.0	0
22575.0	0.0	0
22585.0	0.0	0
22595.0	0.0	0
22605.0	0.0	0
22615.0	0.0	0
22625.0	0.0	0
22635.0	0.0	0
22645.0	0.0	0
22655.0	0.0	0
22665.0	0.0	0
22675.0	0.0	0
22685.0	0.0	0
22695.0	0.0	0
22705.0	0.0	0
22715.0	0.0	0
22725.0	0.0	0
22735.0	0.0	0
22745.0	0.0	0
22755.0	0.0	0
22765.0	0.0	0
22775.0	0.0	0
22785.0	0.0	0
22795.0	0.0	0
22805.0	0.0	0
22815.0	0.0	0
22825.0	0.0	0
22835.0	0.0	0
22845.0	0.0	0
22855.0	0.0	0
22865.0	0.0	0
22875.0	0.0	0
22885.0	0.0	0
22895.0	0.0	0
22905.0	0.0	0
22915.0	0.0	0
22925.0	0.0	0
22935.0	0.0	0
22945.0	0.0	0
22955.0	0.0	0
22965.0	0.0	0
22975.0	0.0	0
22985.0	0.0	0
22995.0	0.0	0
23005.0	0.0	0
23015.0	0.0	0
23025.0	0.0	0
23035.0	0.0	0
23045.0	0.0	0
23055.0	0.0	0
23065.0	0.0	0
23075.0	0.0	0
23085.0	0.0	0
23095.0	0.0	0
23105.0	0.0	0
23115.0	0.0	0
23125.0	0.0	0
23135.0	0.0	0
23145.0	0.0	0
23155.0	0.0	0
23165.0	0.0	0
23175.0	0.0	0
23185.0	0.0	0
23195.0	0.0	0
23205.0	0.0	0
23215.0	0.0	0
23225.0	0.0	0
23235.0	0.0	0
23245.0	0.0	0
23255.0	0.0	0
23265.0	0.0	0
23275.0	0.0	0
23285.0	0.0	0
23295.0	0.0	0
23305.0	0.0	0
23315.0	0.0	0
23325.0	0.0	0
23335.0	0.0	0
23345.0	0.0	0
23355.0	0.0	0
23365.0	0.0	0
23375.0	0.0	0
23385.0	0.0	0
23395.0	0.0	0
23405.0	0.0	0
23415.0	0.0	0
23425.0	0.0	0
23435.0	0.0	0
23445.0	0.0	0
23455.0	0.0	0
23465.0	0.0	0
23475.0	0.0	0
23485.0	0.0	0
23495.0	0.0	0
23505.0	0.0	0
23515.0	0.0	0
23525.0	0.0	0
23535.0	0.0	0
23545.0	0.0	0
23555.0	0.0	0
23565.0	0.0	0
23575.0	0.0	0
23585.0	0.0	0
23595.0	0.0	0
23605.0	0.0	0
23615.0	0.0	0
23625.0	0.0	0
23635.0	0.0	0
23645.0	0.0	0
23655.0	0.0	0
23665.0	0.0	0
23675.0	0.0	0
23685.0	0.0	0
23695.0	0.0	0
23705.0	0.0	0
23715.0	0.0	0
23725.0	0.0	0
23735.0	0.0	0
23745.0	0.0	0
23755.0	0.0	0
23765.0	0.0	0
23775.0	0.0	0
23785.0	0.0	0
23795.0	0.0	0
23805.0	0.0	0
23815.0	0.0	0
23825.0	0.0	0
23835.0	0.0	0
23845.0	0.0	0
23855.0	0.0	0
23865.0	0.0	0
23875.0	0.0	0
23885.0	0.0	0
23895.0	0.0	0
23905.0	0.0	0
23915.0	0.0	0
23925.0	0.0	0
23935.0	0.0	0
23945.0	0.0	0
23955.0	0.0	0
23965.0	0.0	0
23975.0	0.0	0
23985.0	0.0	0
23995.0	0.0	0
24005.0	0.0	0
24015.0	0.0	0
24025.0	0.0	0
24035.0	0.0	0
24045.0	0.0	0
24055.0	0.0	0
24065.0	0.0	0
24075.0	0.0	0
24085.0	0.0	0
24095.0	0.0	0
24105.0	0.0	0
24115.0	0.0	0
24125.0	0.0	0
24135.0	0.0	0
24145.0	0.0	0
24155.0	0.0	0
24165.0	0.0	0
24175.0	0.0	0
24185.0	0.0	0
24195.0	0.0	0
24205.0	0.0	0
24215.0	0.0	0
24225.0	0.0	0
24235.0	0.0	0
24245.0	0.0	0
24255.0	0.0	0
24265.0	0.0	0
24275.0	0.0	0
24285.0	0.0	0
24295.0	0.0	0
24305.0	0.0	0
24315.0	0.0	0
24325.0	0.0	0
24335.0	0.0	0
24345.0	0.0	0
24355.0	0.0	0
24365.0	0.0	0
24375.0	0.0	0
24385.0	0.0	0
24395.0	0.0	0
24405.0	0.0	0
24415.0	0.0	0
24425.0	0.0	0
24435.0	0.0	0
24445.0	0.0	0
24455.0	0.0	0
24465.0	0.0	0
24475.0	0.0	0
24485.0	0.0	0
24495.0	0.0	0
24505.0	0.0	0
24515.0	0.0	0
24525.0	0.0	0
24535.0	0.0	0
24545.0	0.0	0
24555.0	0.0	0
24565.0	0.0	0
24575.0	0.0	0
24585.0	0.0	0
24595.0	0.0	0
24605.0	0.0	0
24615.0	0.0	0
24625.0	0.0	0
24635.0	0.0	0
24645.0	0.0	0
24655.0	0.0	0
24665.0	0.0	0
24675.0	0.0	0
24685.0	0.0	0
24695.0	0.0	0
24705.0	0.0	0
24715.0	0.0	0
24725.0	0.0	0
24735.0	0.0	0
24745.0	0.0	0
24755.0	0.0	0
24765.0	0.0	0
24775.0	0.0	0
24785.0	0.0	0
24795.0	0.0	0
24805.0	0.0	0
24815.0	0.0	0
24825.0	0.0	0
24835.0	0.0	0
24845.0	0.0	0
24855.0	0.0	0
24865.0	0.0	0
24875.0	0.0	0
24885.0	0.0	0
24895.0	0.0	0
24905.0	0.0	0
24915.0	0.0	0
24925.0	0.0	0
24935.0	0.0	0
24945.0	0.0	0
24955.0	0.0	0
24965.0	0.0	0
24975.0	0.0	0
24985.0	0.0	0
24995.0	0.0	0
25005.0	0.0	0
25015.0	0.0	0
25025.0	0.0	0
25035.0	0.0	0
25045.0	0.0	0
25055.0	0.0	0
25065.0	0.0	0
25075.0	0.0	0
25085.0	0.0	0
25095.0	0.0	0
25105.0	0.0	0
25115.0	0.0	0
25125.0	0.0	0
25135.0	0.0	0
25145.0	0.0	0
25155.0	0.0	0
25165.0	0.0	0
25175.0	0.0	0
25185.0	0.0	0
25195.0	0.0	0
25205.0	0.0	0
25215.0	0.0	0
25225.0	0.0	0
25235.0	0.0	0
25245.0	0.0	0
25255.0	0.0	0
25265.0	0.0	0
25275.0	0.0	0
25285.0	0.0	0
25295.0	0.0	0
25305.0	0.0	0
25315.0	0.0	0
25325.0	0.0	0
25335.0	0.0	0
25345.0	0.0	0
25355.0	0.0	0
25365.0	0.0	0
25375.0	0.0	0
25385.0	0.0	0
25395.0	0.0	0
25405.0	0.0	0
25415.0	0.0	0
25425.0	0.0	0
25435.0	0.0	0
25445.0	0.0	0
25455.0	0.0	0
25465.0	0.0	0
25475.0	0.0	0
25485.0	0.0	0
25495.0	0.0	0
25505.0	0.0	0
25515.0	0.0	0
25525.0	0.0	0
25535.0	0.0	0
25545.0	0.0	0
25555.0	0.0	0
25565.0	0.0	0
25575.0	0.0	0
25585.0	0.0	0
25595.0	0.0	0
25605.0	0.0	0
25615.0	0.0	0
25625.0	0.0	0
25635.0	0.0	0
25645.0	0.0	0
25655.0	0.0	0
25665.0	0.0	0
25675.0	0.0	0
25685.0	0.0	0
25695.0	0.0	0
25705.0	0.0	0
25715.0	0.0	0
25725.0	0.0	0
25735.0	0.0	0
25745.0	0.0	0
25755.0	0.0	0
25765.0	0.0	0
25775.0	0.0	0
25785.0	0.0	0
25795.0	0.0	0
25805.0	0.0	0
25815.0	0.0	0
25825.0	0.0	0
25835.0	0.0	0
25845.0	0.0	0
25855.0	0.0	0
25865.0	0.0	0
25875.0	0.0	0
25885.0	0.0	0
25895.0	0.0	0
25905.0	0.0	0
25915.0	0.0	0
25925.0	0.0	0
25935.0	0.0	0
25945.0	0.0	0
25955.0	0.0	0
25965.0	0.0	0
25975.0	0.0	0
25985.0	0.0	0
25995.0	0.0	0
26005.0	0.0	0
26015.0	0.0	0
26025.0	0.0	0
26035.0	0.0	0
26045.0	0.0	0
26055.0	0.0	0
26065.0	0.0	0
26075.0	0.0	0
26085.0	0.0	0
26095.0	0.0	0
26105.0	0.0	0
26115.0	0.0	0
26125.0	0.0	0
26135.0	0.0	0
26145.0	0.0	0
26155.0	0.0	0
26165.0	0.0	0
26175.0	0.0	0
26185.0	0.0	0
26195.0	0.0	0
26205.0	0.0	0
26215.0	0.0	0
26225.0	0.0	0
26235.0	0.0	0
26245.0	0.0	0
26255.0	0.0	0
26265.0	0.0	0
26275.0	0.0	0
26285.0	0.0	0
26295.0	0.0	0
26305.0	0.0	0
26315.0	0.0	0
26325.0	0.0	0
26335.0	0.0	0
26345.0	0.0	0
26355.0	0.0	0
26365.0	0.0	0
26375.0	0.0	0
26385.0	0.0	0
26395.0	0.0	0
26405.0	0.0	0
26415.0	0.0	0
26425.0	0.0	0
26435.0	0.0	0
26445.0	0.0	0
26455.0	0.0	0
26465.0	0.0	0
26475.0	0.0	0
26485.0	0.0	0
26495.0	0.0	0
26505.0	0.0	0
26515.0	0.0	0
26525.0	0.0	0
26535.0	0.0	0
26545.0	0.0	0
26555.0	0.0	0
26565.0	0.0	0
26575.0	0.0	0
26585.0	0.0	0
26595.0	0.0	0
26605.0	0.0	0
26615.0	0.0	0
26625.0	0.0	0
26635.0	0.0	0
26645.0	0.0	0
26655.0	0.0	0
26665.0	0.0	0
26675.0	0.0	0
26685.0	0.0	0
26695.0	0.0	0
26705.0	0.0	0
26715.0	0.0	0
26725.0	0.0	0
26735.0	0.0	0
26745.0	0.0	0
26755.0	0.0	0
26765.0	0.0	0
26775.0	0.0	0
26785.0	0.0	0
26795.0	0.0	0
26805.0	0.0	0
26815.0	0.0	0
26825.0	0.0	0
26835.0	0.0	0
26845.0	0.0	0
26855.0	0.0	0
26865.0	0.0	0
26875.0	0.0	0
26885.0	0.0	0
26895.0	0.0	0
26905.0	0.0	0
26915.0	0.0	0
26925.0	0.0	0
26935.0	0.0	0
26945.0	0.0	0
26955.0	0.0	0
26965.0	0.0	0
26975.0	0.0	0
26985.0	0.0	0
26995.0	0.0	0
27005.0	0.0	0
27015.0	0.0	0
27025.0	0.0	0
27035.0	0.0	0
27045.0	0.0	0
27055.0	0.0	0
27065.0	0.0	0
27075.0	0.0	0
27085.0	0.0	0
27095.0	0.0	0
27105.0	0.0	0
27115.0	0.0	0
27125.0	0.0	0
27135.0	0.0	0
27145.0	0.0	0
27155.0	0.0	0
27165.0	0.0	0
27175.0	0.0	0
27185.0	0.0	0
27195.0	0.0	0
27205.0	0.0	0
27215.0	0.0	0
27225.0	0.0	0
27235.0	0.0	0
27245.0	0.0	0
27255.0	0.0	0
27265.0	0.0	0
27275.0	0.0	0
27285.0	0.0	0
27295.0	0.0	0
27305.0	0.0	0
27315.0	0.0	0
27325.0	0.0	0
27335.0	0.0	0
27345.0	0.0	0
27355.0	0.0	0
27365.0	0.0	0
27375.0	0.0	0
27385.0	0.0	0
27395.0	0.0	0
27405.0	0.0	0
27415.0	0.0	0
27425.0	0.0	0
27435.0	0.0	0
27445.0	0.0	0
27455.0	0.0	0
27465.0	0.0	0
27475.0	0.0	0
27485.0	0.0	0
27495.0	0.0	0
27505.0	0.0	0
27515.0	0.0	0
27525.0	0.0	0
27535.0	0.0	0
27545.0	0.0	0
27555.0	0.0	0
27565.0	0.0	0
27575.0	0.0	0
27585.0	0.0	0
27595.0	0.0	0
27605.0	0.0	0
27615.0	0.0	0
27625.0	0.0	0
27635.0	0.0	0
27645.0	0.0	0
27655.0	0.0	0
27665.0	0.0	0
27675.0	0.0	0
27685.0	0.0	0
27695.0	0.0	0
27705.0	0.0	0
27715.0	0.0	0
27725.0	0.0	0
27735.0	0.0	0
27745.0	0.0	0
27755.0	0.0	0
27765.0	0.0	0
27775.0	0.0	0
27785.0	0.0	0
27795.0	0.0	0
27805.0	0.0	0
27815.0	0.0	0
27825.0	0.0	0
27835.0	0.0	0
27845.0	0.0	0
27855.0	0.0	0
27865.0	0.0	0
27875.0	0.0	0
27885.0	0.0	0
27895.0	0.0	0
27905.0	0.0	0
27915.0	0.0	0
27925.0	0.0	0
27935.0	0.0	0
27945.0	0.0	0
27955.0	0.0	0
27965.0	0.0	0
27975.0	0.0	0
27985.0	0.0	0
27995.0	0.0	0
28005.0	0.0	0
28015.0	0.0	0
28025.0	0.0	0
28035.0	0.0	0
28045.0	0.0	0
28055.0	0.0	0
28065.0	0.0	0
28075.0	0.0	0
28085.0	0.0	0
28095.0	0.0	0
28105.0	0.0	0
28115.0	0.0	0
28125.0	0.0	0
28135.0	0.0	0
28145.0	0.0	0
28155.0	0.0	0
28165.0	0.0	0
28175.0	0.0	0
28185.0	0.0	0
28195.0	0.0	0
28205.0	0.0	0
28215.0	0.0	0
28225.0	0.0	0
28235.0	0.0	0
28245.0	0.0	0
28255.0	0.0	0
28265.0	0.0	0
28275.0	0.0	0
28285.0	0.0	0
28295.0	0.0	0
28305.0	0.0	0
28315.0	0.0	0
28325.0	0.0	0
28335.0	0.0	0
28345.0	0.0	0
28355.0	0.0	0
28365.0	0.0	0
28375.0	0.0	0
28385.0	0.0	0
28395.0	0.0	0
28405.0	0.0	0
28415.0	0.0	0
28425.0	0.0	0
28435.0	0.0	0
28445.0	0.0	0
28455.0	0.0	0
28465.0	0.0	0
28475.0	0.0	0
28485.0	0.0	0
28495.0	0.0	0
28505.0	0.0	0
28515.0	0.0	0
28525.0	0.0	0
28535.0	0.0	0
28545.0	0.0	0
28555.0	0.0	0
28565.0	0.0	0
28575.0	0.0	0
28585.0	0.0	0
28595.0	0.0	0
28605.0	0.0	0
28615.0	0.0	0
28625.0	0.0	0
28635.0	0.0	0
28645.0	0.0	0
28655.0	0.0	0
28665.0	0.0	0
28675.0	0.0	0
28685.0	0.0	0
28695.0	0.0	0
28705.0	0.0	0
28715.0	0.0	0
28725.0	0.0	0
28735.0	0.0	0
28745.0	0.0	0
28755.0	0.0	0
28765.0	0.0	0
28775.0	0.0	0
28785.0	0.0	0
28795.0	0.0	0
28805.0	0.0	0
28815.0	0.0	0
28825.0	0.0	0
28835.0	0.0	0
28845.0	0.0	0
28855.0	0.0	0
28865.0	0.0	0
28875.0	0.0	0
28885.0	0.0	0
28895.0	0.0	0
28905.0	0.0	0
28915.0	0.0	0
28925.0	0.0	0
28935.0	0.0	0
28945.0	0.0	0
28955.0	0.0	0
28965.0	0.0	0
28975.0	0.0	0
28985.0	0.0	0
28995.0	0.0	0
29005.0	0.0	0
29015.0	0.0	0
29025.0	0.0	0
29035.0	0.0	0
29045.0	0.0	0
29055.0	0.0	0
29065.0	0.0	0
29075.0	0.0	0
29085.0	0.0	0
29095.0	0.0	0
29105.0	0.0	0
29115.0	0.0	0
29125.0	0.0	0
29135.0	0.0	0
29145.0	0.0	0
29155.0	0.0	0
29165.0	0.0	0
29175.0	0.0	0
29185.0	0.0	0
29195.0	0.0	0
29205.0	0.0	0
29215.0	0.0	0
29225.0	0.0	0
29235.0	0.0	0
29245.0	0.0	0
29255.0	0.0	0
29265.0	0.0	0
29275.0	0.0	0
29285.0	0.0	0
29295.0	0.0	0
29305.0	0.0	0
29315.0	0.0	0
29325.0	0.0	0
29335.0	0.0	0
29345.0	0.0	0
29355.0	0.0	0
29365.0	0.0	0
29375.0	0.0	0
29385.0	0.0	0
29395.0	0.0	0
29405.0	0.0	0
29415.0	0.0	0
29425.0	0.0	0
29435.0	0.0	0
29445.0	0.0	0
29455.0	0.0	0
29465.0	0.0	0
29475.0	0.0	0
29485.0	0.0	0
29495.0	0.0	0
29505.0	0.0	0
29515.0	0.0	0
29525.0	0.0	0
29535.0	0.0	0
29545.0	0.0	0
29555.0	0.0	0
29565.0	0.0	0
29575.0	0.0	0
29585.0	0.0	0
29595.0	0.0	0
29605.0	0.0	0
29615.0	0.0	0
29625.0	0.0	0
29635.0	0.0	0
29645.0	0.0	0
29655.0	0.0	0
29665.0	0.0	0
29675.0	0.0	0
29685.0	0.0	0
29695.0	0.0	0
29705.0	0.0	0
29715.0	0.0	0
29725.0	0.0	0
29735.0	0.0	0
29745.0	0.0	0
29755.0	0.0	0
29765.0	0.0	0
29775.0	0.0	0
29785.0	0.0	0
29795.0	0.0	0
29805.0	0.0	0
29815.0	0.0	0
29825.0	0.0	0
29835.0	0.0	0
29845.0	0.0	0
29855.0	0.0	0
29865.0	0.0	0
29875.0	0.0	0
29885.0	0.0	0
29895.0	0.0	0
29905.0	0.0	0
29915.0	0.0	0
29925.0	0.0	0
29935.0	0.0	0
29945.0	0.0	0
29955.0	0.0	0
29965.0	0.0	0
29975.0	0.0	0
29985.0	0.0	0
