5.0	0.0	0
15.0	0.0	0
25.0	0.0	0
35.0	0.0	0
45.0	0.0	0
55.0	0.0	0
65.0	0.0	0
75.0	0.0	0
85.0	0.0	0
95.0	0.0	0
105.0	0.0	0
115.0	0.0	0
125.0	0.0	0
135.0	0.0	0
145.0	0.0	0
155.0	0.0	0
165.0	0.0	0
175.0	0.0	0
185.0	0.0	0
195.0	0.0	0
205.0	0.0	0
215.0	0.0	0
225.0	0.0	0
235.0	0.0	0
245.0	0.0	0
255.0	0.0	0
265.0	0.0	0
275.0	0.0	0
285.0	0.0	0
295.0	0.0	0
305.0	0.0	0
315.0	0.0	0
325.0	0.0	0
335.0	0.0	0
345.0	0.0	0
355.0	0.0	0
365.0	0.0	0
375.0	0.0	0
385.0	0.0	0
395.0	0.0	0
405.0	0.0	0
415.0	0.0	0
425.0	0.0	0
435.0	0.0	0
445.0	0.0	0
455.0	0.0	0
465.0	0.0	0
475.0	0.0	0
485.0	0.0	0
495.0	0.0	0
505.0	0.0	0
515.0	0.0	0
525.0	0.0	0
535.0	0.0	0
545.0	0.0	0
555.0	0.0	0
565.0	0.0	0
575.0	0.0	0
585.0	0.0	0
595.0	0.0	0
605.0	0.0	0
615.0	0.0	0
625.0	0.0	0
635.0	0.09152326482733825	0
645.0	0.2347100730137683	0
655.0	0.4928997741122819	0
665.0	0.8660609480428921	0
675.0	1.4144885672389738	0
685.0	2.205253694929747	0
695.0	3.362958326549401	0
705.0	4.862811432784746	0
715.0	6.824059055525719	0
725.0	9.320384115184918	0
735.0	12.420211853197813	0
745.0	16.15725640018683	0
755.0	20.508292046423506	0
765.0	25.424825874432507	0
775.0	30.825241855838126	0
785.0	36.58972779088219	0
795.0	42.54748553367785	0
805.0	48.54963012942651	0
815.0	54.39898760648925	0
825.0	59.99146607121396	0
835.0	65.08634403171875	0
845.0	69.6389815907156	0
855.0	73.58617952313877	0
865.0	76.92426541927975	0
875.0	79.65478483279719	0
885.0	81.82175096328766	0
895.0	83.47517573695369	0
905.0	84.6891245098252	0
915.0	85.53742482624907	0
925.0	86.04619619004424	0
935.0	86.28601460553718	0
945.0	86.298425651982	0
955.0	86.17523623903668	0
965.0	85.82876241062495	0
975.0	85.26593108112391	0
985.0	84.63686588309116	0
995.0	83.92572018284017	0
1005.0	83.23557940859571	0
1015.0	82.53339514521673	0
1025.0	81.8517412109855	0
1035.0	81.2225323346595	0
1045.0	80.74779125402095	0
1055.0	80.2624344822117	0
1065.0	79.86261575159108	0
1075.0	79.56588641809954	0
1085.0	79.43665740554849	0
1095.0	79.30674129766959	0
1105.0	79.25077571809113	0
1115.0	79.27453256389884	0
1125.0	79.34253877013391	0
1135.0	79.43393604334506	0
1145.0	79.52636767933807	0
1155.0	79.63135422312898	0
1165.0	79.70920260495274	0
1175.0	79.77255832944931	0
1185.0	79.8392962496629	0
1195.0	79.96029163034969	0
1205.0	79.92853580225713	0
1215.0	79.89074935351414	0
1225.0	79.83670985826735	0
1235.0	79.69522958151747	0
1245.0	79.49894684620189	0
1255.0	79.24723197833136	0
1265.0	78.94476018360118	0
1275.0	78.58511866019238	0
1285.0	78.16226936702954	0
1295.0	77.70060134939187	0
1305.0	77.22651306582082	0
1315.0	76.73348835219161	0
1325.0	76.24269287091147	0
1335.0	75.75918161409923	0
1345.0	75.40254737741617	0
1355.0	75.00241626862746	0
1365.0	74.68988768993762	0
1375.0	74.3809624984288	0
1385.0	74.1283354345426	0
1395.0	73.92924672679179	0
1405.0	73.7469813756291	0
1415.0	73.61310731129186	0
1425.0	73.47205412050761	0
1435.0	73.3375427721758	0
1445.0	73.17920109611735	0
1455.0	72.98311923140324	0
1465.0	72.74734360892077	0
1475.0	72.46868389105732	0
1485.0	72.1329243964934	0
1495.0	71.81788031133762	0
1505.0	71.3934802480736	0
1515.0	70.90443450231729	0
1525.0	70.3486241118751	0
1535.0	69.75007758450745	0
1545.0	69.13163464366032	0
1555.0	68.47460786664237	0
1565.0	67.82128155515153	0
1575.0	67.14843966171259	0
1585.0	66.47492003376739	0
1595.0	65.83667651947498	0
1605.0	65.19762108703156	0
1615.0	64.61166633656087	0
1625.0	64.10120660760536	0
1635.0	63.588882005836446	0
1645.0	63.217294707864816	0
1655.0	62.91843859875322	0
1665.0	62.597154640172185	0
1675.0	62.36410699236771	0
1685.0	62.17085223181555	0
1695.0	62.03384550163851	0
1705.0	61.94676462300376	0
1715.0	61.903074696938745	0
1725.0	61.89701213932849	0
1735.0	61.89578434449462	0
1745.0	61.94185503217894	0
1755.0	61.98348887544188	0
1765.0	62.032715446957624	0
1775.0	62.091706673108526	0
1785.0	62.14730943820704	0
1795.0	62.20997081592398	0
1805.0	62.25429921333191	0
1815.0	62.3143786416994	0
1825.0	62.304201858660015	0
1835.0	62.26694051916519	0
1845.0	62.20599562063743	0
1855.0	62.09103403415342	0
1865.0	61.95896866402725	0
1875.0	61.79319607561156	0
1885.0	61.61169383314579	0
1895.0	61.391681198438036	0
1905.0	61.15343356340983	0
1915.0	60.89268721451096	0
1925.0	60.613034886699324	0
1935.0	60.32094652144158	0
1945.0	60.04443775501309	0
1955.0	59.7541535441795	0
1965.0	59.46274155972333	0
1975.0	59.2295008287214	0
1985.0	58.95349520040319	0
1995.0	58.69400182424241	0
2005.0	58.44608243322668	0
2015.0	58.200462716509776	0
2025.0	57.96215076393935	0
2035.0	57.74250530905609	0
2045.0	57.51886452973748	0
2055.0	57.323767505551245	0
2065.0	57.130974614935404	0
2075.0	56.96080934894465	0
2085.0	56.79715793950469	0
2095.0	56.66186480297549	0
2105.0	56.522945261311065	0
2115.0	56.4333352874502	0
2125.0	56.362830834071104	0
2135.0	56.368247312752956	0
2145.0	56.35310644582214	0
2155.0	56.369206120363785	0
2165.0	56.41908843855675	0
2175.0	56.48197965610359	0
2185.0	56.580321934805525	0
2195.0	56.71338167622988	0
2205.0	56.851152408353194	0
2215.0	57.01183207908431	0
2225.0	57.17040863565151	0
2235.0	57.321712841569706	0
2245.0	57.461104951556976	0
2255.0	57.62830533029935	0
2265.0	57.72905882106897	0
2275.0	57.807413803921285	0
2285.0	57.84880749384302	0
2295.0	57.85810055795877	0
2305.0	57.8525791214739	0
2315.0	57.75504527908068	0
2325.0	57.60451061182523	0
2335.0	57.42538905136539	0
2345.0	57.189965818973164	0
2355.0	56.93348290454754	0
2365.0	56.63950483543324	0
2375.0	56.32193240125739	0
2385.0	55.979478844949966	0
2395.0	55.62345987875036	0
2405.0	55.26170975890313	0
2415.0	54.91465861809696	0
2425.0	54.540836521225835	0
2435.0	54.18939483234914	0
2445.0	53.85932824679762	0
2455.0	53.54804201023486	0
2465.0	53.238908634551485	0
2475.0	53.001324118691294	0
2485.0	52.7513082763542	0
2495.0	52.51748970713439	0
2505.0	52.31011458078172	0
2515.0	52.12912059362287	0
2525.0	51.963134549279076	0
2535.0	51.79770251734213	0
2545.0	51.65153653466315	0
2555.0	51.521673649445184	0
2565.0	51.419800229131205	0
2575.0	51.290512111370575	0
2585.0	51.15381632874188	0
2595.0	51.01862685318863	0
2605.0	50.90226493966852	0
2615.0	50.75833763381126	0
2625.0	50.63162884699566	0
2635.0	50.491539331574664	0
2645.0	50.39615658750851	0
2655.0	50.26050791037406	0
2665.0	50.13216484639402	0
2675.0	50.003636141105574	0
2685.0	49.879617067132614	0
2695.0	49.77209721080375	0
2705.0	49.68571079634788	0
2715.0	49.60146669857257	0
2725.0	49.553568724671926	0
2735.0	49.516388226111786	0
2745.0	49.4756614396692	0
2755.0	49.4542046629411	0
2765.0	49.43611646999615	0
2775.0	49.428544063838665	0
2785.0	49.42692685636889	0
2795.0	49.442589991754716	0
2805.0	49.457029212145535	0
2815.0	49.46785468924335	0
2825.0	49.52072106073746	0
2835.0	49.53216404806099	0
2845.0	49.54928135604829	0
2855.0	49.54652003018672	0
2865.0	49.5381406309643	0
2875.0	49.53564290728141	0
2885.0	49.527229055643915	0
2895.0	49.49670665846296	0
2905.0	49.44850042001233	0
2915.0	49.394751069308185	0
2925.0	49.32453841241929	0
2935.0	49.24247420538299	0
2945.0	49.1635140205063	0
2955.0	49.07065283709428	0
2965.0	48.964322924509375	0
2975.0	48.85380772803638	0
2985.0	48.739220184718334	0
2995.0	48.63387517829601	0
3005.0	48.55884294077812	0
3015.0	48.45106278398951	0
3025.0	48.3564049532552	0
3035.0	48.25494096676734	0
3045.0	48.16551037358397	0
3055.0	48.09181579842051	0
3065.0	48.0046151732055	0
3075.0	47.912711742889954	0
3085.0	47.83118181907325	0
3095.0	47.749906203575605	0
3105.0	47.66673923743954	0
3115.0	47.57775739124193	0
3125.0	47.49590089941481	0
3135.0	47.4214387474457	0
3145.0	47.339151183955444	0
3155.0	47.25889597944812	0
3165.0	47.179652628750425	0
3175.0	47.11780750456911	0
3185.0	47.02104487207613	0
3195.0	46.93322979500097	0
3205.0	46.83953674163298	0
3215.0	46.76815331761427	0
3225.0	46.670627789949876	0
3235.0	46.589346178474685	0
3245.0	46.507212989188695	0
3255.0	46.427339737496645	0
3265.0	46.34890992267	0
3275.0	46.27576091975477	0
3285.0	46.209713886701884	0
3295.0	46.1503969080521	0
3305.0	46.090770500482364	0
3315.0	46.02755032298762	0
3325.0	45.97240622708428	0
3335.0	45.928296217116575	0
3345.0	45.883085846865036	0
3355.0	45.862540126666694	0
3365.0	45.81886640268022	0
3375.0	45.76174855931435	0
3385.0	45.73586653351434	0
3395.0	45.690784778618216	0
3405.0	45.64349952936824	0
3415.0	45.5902239260291	0
3425.0	45.53820678136634	0
3435.0	45.472473610425425	0
3445.0	45.41134368616864	0
3455.0	45.33973422517449	0
3465.0	45.26082936522347	0
3475.0	45.17470043546812	0
3485.0	45.08465025373213	0
3495.0	45.00146566957722	0
3505.0	44.89844570432369	0
3515.0	44.78508877986866	0
3525.0	44.67262932500488	0
3535.0	44.589450286248386	0
3545.0	44.50355245855775	0
3555.0	44.390760765415514	0
3565.0	44.27185652310257	0
3575.0	44.160830427450406	0
3585.0	44.045279470138404	0
3595.0	43.931763818818155	0
3605.0	43.81526726511865	0
3615.0	43.707702011476556	0
3625.0	43.60550639299377	0
3635.0	43.50607786030457	0
3645.0	43.40476700077835	0
3655.0	43.30695983102373	0
3665.0	43.21419931775102	0
3675.0	43.126214927406	0
3685.0	43.04239134587551	0
3695.0	42.963949139612374	0
3705.0	42.88909825499615	0
3715.0	42.82972819510119	0
3725.0	42.79116936779679	0
3735.0	42.73730405920722	0
3745.0	42.677475192897845	0
3755.0	42.63239579448912	0
3765.0	42.57948819553093	0
3775.0	42.53844957941652	0
3785.0	42.48927164429525	0
3795.0	42.444963740812526	0
3805.0	42.40717339229055	0
3815.0	42.3613642410751	0
3825.0	42.324864010050604	0
3835.0	42.29554938142904	0
3845.0	42.26671545332284	0
3855.0	42.234276124413284	0
3865.0	42.201720204727415	0
3875.0	42.17303639915284	0
3885.0	42.152170455197634	0
3895.0	42.11785458717894	0
3905.0	42.10418139631795	0
3915.0	42.08100228640987	0
3925.0	42.05243196050209	0
3935.0	42.017056708340846	0
3945.0	41.989241405671535	0
3955.0	41.961003438355675	0
3965.0	41.9244870644762	0
3975.0	41.902438498776604	0
3985.0	41.879000230825184	0
3995.0	41.852386464752776	0
4005.0	41.836679974336285	0
4015.0	41.81946360649369	0
4025.0	41.79613722873417	0
4035.0	41.779879379745836	0
4045.0	41.78108811652905	0
4055.0	41.78202918044721	0
4065.0	41.77361643459875	0
4075.0	41.77388184526075	0
4085.0	41.78119371536695	0
4095.0	41.80197508412344	0
4105.0	41.81414592672928	0
4115.0	41.83141264923138	0
4125.0	41.8443196099775	0
4135.0	41.864596800217356	0
4145.0	41.890467961560695	0
4155.0	41.919294254655085	0
4165.0	41.95058625899915	0
4175.0	41.99297811090483	0
4185.0	42.03050776140333	0
4195.0	42.06785826758314	0
4205.0	42.104625226178335	0
4215.0	42.13947200117097	0
4225.0	42.192787864239946	0
4235.0	42.23275719047208	0
4245.0	42.27589121242496	0
4255.0	42.31488797009314	0
4265.0	42.34533670248128	0
4275.0	42.402714537853925	0
4285.0	42.4326663479884	0
4295.0	42.464176879503164	0
4305.0	42.49341331077487	0
4315.0	42.51701183038507	0
4325.0	42.54287089871574	0
4335.0	42.56194569203512	0
4345.0	42.57494141541435	0
4355.0	42.58570276722606	0
4365.0	42.6025970356082	0
4375.0	42.60825247246917	0
4385.0	42.605441058871754	0
4395.0	42.61476339585218	0
4405.0	42.61206548152859	0
4415.0	42.61056680871793	0
4425.0	42.59791008850855	0
4435.0	42.58167043095053	0
4445.0	42.564110702618386	0
4455.0	42.543893131795556	0
4465.0	42.5352025467637	0
4475.0	42.49704415901026	0
4485.0	42.46266558531356	0
4495.0	42.42006053472028	0
4505.0	42.38159856224159	0
4515.0	42.32046132478556	0
4525.0	42.262696104431335	0
4535.0	42.19738506809269	0
4545.0	42.138430036179656	0
4555.0	42.06824766872048	0
4565.0	42.000500090582285	0
4575.0	41.92246777817715	0
4585.0	41.83641673281245	0
4595.0	41.74413443607487	0
4605.0	41.64749602009752	0
4615.0	41.55791262403388	0
4625.0	41.46712413150357	0
4635.0	41.36747258646996	0
4645.0	41.284282007953436	0
4655.0	41.20394719040563	0
4665.0	41.09909832672477	0
4675.0	41.000176700739075	0
4685.0	40.911504436154864	0
4695.0	40.813297961921435	0
4705.0	40.71978356873322	0
4715.0	40.62942300057563	0
4725.0	40.536858041571726	0
4735.0	40.46055930961464	0
4745.0	40.402920667338726	0
4755.0	40.32091295904476	0
4765.0	40.24940023396354	0
4775.0	40.19008957366871	0
4785.0	40.11968941045721	0
4795.0	40.063798602346125	0
4805.0	40.016634371030584	0
4815.0	39.97165011362451	0
4825.0	39.9169864694404	0
4835.0	39.88138726113446	0
4845.0	39.85911507934711	0
4855.0	39.820794152682424	0
4865.0	39.78543897029064	0
4875.0	39.75326708166793	0
4885.0	39.71954242470962	0
4895.0	39.690612468483614	0
4905.0	39.65326493544991	0
4915.0	39.63328502357576	0
4925.0	39.611181896996804	0
4935.0	39.58385903318928	0
4945.0	39.54344390756939	0
4955.0	39.51447220168212	0
4965.0	39.475339736097006	0
4975.0	39.44252674600329	0
4985.0	39.40029124426764	0
4995.0	39.36535522862772	0
5005.0	39.33042273249352	0
5015.0	39.28157265859204	0
5025.0	39.24128023155435	0
5035.0	39.21175818868114	0
5045.0	39.15814327890595	0
5055.0	39.11059482918787	0
5065.0	39.05674579413003	0
5075.0	38.99849711750226	0
5085.0	38.94797027141128	0
5095.0	38.90077884554951	0
5105.0	38.852316379697925	0
5115.0	38.79808522050505	0
5125.0	38.75051058492813	0
5135.0	38.69853037234771	0
5145.0	38.64884486493225	0
5155.0	38.602372431326636	0
5165.0	38.55464948328829	0
5175.0	38.51356295021659	0
5185.0	38.46057279325472	0
5195.0	38.42347167285096	0
5205.0	38.3838398507738	0
5215.0	38.3477343129604	0
5225.0	38.32990938841955	0
5235.0	38.29711891416783	0
5245.0	38.26620327253881	0
5255.0	38.24170786699424	0
5265.0	38.229202570992975	0
5275.0	38.20965538112091	0
5285.0	38.19834358678653	0
5295.0	38.18591483056807	0
5305.0	38.177673932054326	0
5315.0	38.18012607942809	0
5325.0	38.181723723236786	0
5335.0	38.18856357133565	0
5345.0	38.20101151136022	0
5355.0	38.218715137069736	0
5365.0	38.2373251985879	0
5375.0	38.25654008398605	0
5385.0	38.27596132878831	0
5395.0	38.304167023694035	0
5405.0	38.330773625926824	0
5415.0	38.380873358580686	0
5425.0	38.414827799504515	0
5435.0	38.443511959555536	0
5445.0	38.485538636831464	0
5455.0	38.51758413472403	0
5465.0	38.54448677016291	0
5475.0	38.573927369139426	0
5485.0	38.59779269562312	0
5495.0	38.62166478899494	0
5505.0	38.638849853210914	0
5515.0	38.66354895092629	0
5525.0	38.6807041467373	0
5535.0	38.69293547277918	0
5545.0	38.69593724965564	0
5555.0	38.706046937423515	0
5565.0	38.70285762295406	0
5575.0	38.69929939127993	0
5585.0	38.688769186611644	0
5595.0	38.671873419809025	0
5605.0	38.653851625324066	0
5615.0	38.65407690754766	0
5625.0	38.62529971452658	0
5635.0	38.60539879719035	0
5645.0	38.57238188554798	0
5655.0	38.53537900344306	0
5665.0	38.50195726872808	0
5675.0	38.467097212014444	0
5685.0	38.424996039066926	0
5695.0	38.38382884127095	0
5705.0	38.343297259744276	0
5715.0	38.29911666847235	0
5725.0	38.262466615998314	0
5735.0	38.22509445955635	0
5745.0	38.178675387221276	0
5755.0	38.13551024418833	0
5765.0	38.09274110554805	0
5775.0	38.049180113021734	0
5785.0	38.00094381415926	0
5795.0	37.95780149994698	0
5805.0	37.928120761904005	0
5815.0	37.8836956075921	0
5825.0	37.83324702080935	0
5835.0	37.78888810246528	0
5845.0	37.746451333416076	0
5855.0	37.70503308211093	0
5865.0	37.663682211608744	0
5875.0	37.610965652151364	0
5885.0	37.56720576555213	0
5895.0	37.51579848961815	0
5905.0	37.46592384958504	0
5915.0	37.41950331051234	0
5925.0	37.36679281550691	0
5935.0	37.31488226572732	0
5945.0	37.26784584028479	0
5955.0	37.21597674709856	0
5965.0	37.16219801046245	0
5975.0	37.126472348072625	0
5985.0	37.0655223335141	0
5995.0	37.01183317770145	0
6005.0	36.96774796981781	0
6015.0	36.91437607330694	0
6025.0	36.86033370251999	0
6035.0	36.804288757963775	0
6045.0	36.74430394982444	0
6055.0	36.68746123206647	0
6065.0	36.63074824440571	0
6075.0	36.57179163742168	0
6085.0	36.52011954329962	0
6095.0	36.474283244180064	0
6105.0	36.430618731316336	0
6115.0	36.377850761484986	0
6125.0	36.33789418075451	0
6135.0	36.29296264647411	0
6145.0	36.249787592734585	0
6155.0	36.23014175818664	0
6165.0	36.20147665064581	0
6175.0	36.170617691358835	0
6185.0	36.14956359429104	0
6195.0	36.144184403110465	0
6205.0	36.12983548372543	0
6215.0	36.12161942934829	0
6225.0	36.113967469990016	0
6235.0	36.1170229421503	0
6245.0	36.12148664190089	0
6255.0	36.126226898486	0
6265.0	36.133203242126385	0
6275.0	36.147695220858864	0
6285.0	36.16465443368129	0
6295.0	36.18944641017985	0
6305.0	36.21438718395123	0
6315.0	36.24322751569341	0
6325.0	36.27539156505249	0
6335.0	36.3132174491677	0
6345.0	36.34077225966074	0
6355.0	36.36671468678149	0
6365.0	36.39847438448034	0
6375.0	36.43200908764311	0
6385.0	36.45762278586235	0
6395.0	36.49557252936074	0
6405.0	36.516193952844134	0
6415.0	36.53939406933372	0
6425.0	36.564512593087564	0
6435.0	36.5795702778315	0
6445.0	36.59055873613036	0
6455.0	36.60424668868684	0
6465.0	36.60698855528457	0
6475.0	36.606075632760614	0
6485.0	36.6058907236467	0
6495.0	36.601451206896364	0
6505.0	36.59617404082861	0
6515.0	36.58876854240556	0
6525.0	36.56986505137604	0
6535.0	36.55437177372148	0
6545.0	36.536853467394764	0
6555.0	36.50897913258283	0
6565.0	36.478696430168796	0
6575.0	36.45144989002492	0
6585.0	36.42809428213558	0
6595.0	36.39411687481494	0
6605.0	36.35624716550634	0
6615.0	36.31454258950046	0
6625.0	36.280436935606375	0
6635.0	36.24016689928134	0
6645.0	36.202728652912974	0
6655.0	36.15733151318189	0
6665.0	36.119981124034375	0
6675.0	36.081728892882744	0
6685.0	36.04663138905627	0
6695.0	36.021538561863174	0
6705.0	35.98225996620234	0
6715.0	35.9455833171341	0
6725.0	35.916770763939525	0
6735.0	35.88779235305353	0
6745.0	35.857431854039255	0
6755.0	35.8306410958958	0
6765.0	35.8110243659078	0
6775.0	35.79005289117641	0
6785.0	35.781858473734864	0
6795.0	35.769346950316645	0
6805.0	35.75406146951493	0
6815.0	35.74106655490743	0
6825.0	35.731938343637864	0
6835.0	35.72271121317511	0
6845.0	35.71705746347928	0
6855.0	35.707233289648464	0
6865.0	35.7033840679372	0
6875.0	35.7121592348242	0
6885.0	35.71072164629722	0
6895.0	35.71518819599431	0
6905.0	35.71432018200323	0
6915.0	35.71474108023296	0
6925.0	35.71484310532922	0
6935.0	35.71747140795401	0
6945.0	35.716109327494294	0
6955.0	35.713641392012576	0
6965.0	35.71364830574535	0
6975.0	35.70717138388024	0
6985.0	35.716885482218544	0
6995.0	35.71568405620856	0
7005.0	35.71641477176095	0
7015.0	35.70927216483272	0
7025.0	35.702203451311725	0
7035.0	35.68813594338086	0
7045.0	35.673511779966034	0
7055.0	35.66772949998505	0
7065.0	35.658259708827785	0
7075.0	35.642325951673584	0
7085.0	35.62783748424633	0
7095.0	35.61165184200189	0
7105.0	35.59065277561647	0
7115.0	35.569841259029346	0
7125.0	35.55319675469314	0
7135.0	35.53928045446656	0
7145.0	35.51928979796104	0
7155.0	35.50806508084067	0
7165.0	35.49174037575512	0
7175.0	35.47137971101165	0
7185.0	35.467351346614024	0
7195.0	35.44958235206671	0
7205.0	35.435412091705125	0
7215.0	35.42637873914411	0
7225.0	35.41880324862729	0
7235.0	35.41784889362091	0
7245.0	35.412638927852605	0
7255.0	35.408050486458755	0
7265.0	35.40415836592181	0
7275.0	35.40268454629977	0
7285.0	35.40214166610875	0
7295.0	35.406144097014604	0
7305.0	35.41075419005145	0
7315.0	35.41818148049869	0
7325.0	35.415943907023944	0
7335.0	35.423173223871856	0
7345.0	35.42879252762646	0
7355.0	35.438404139254395	0
7365.0	35.440783608775206	0
7375.0	35.45365661791436	0
7385.0	35.469185078731854	0
7395.0	35.47084196189814	0
7405.0	35.47650746372065	0
7415.0	35.482037549120584	0
7425.0	35.47942627325237	0
7435.0	35.47691220337102	0
7445.0	35.46984920318489	0
7455.0	35.46109235182642	0
7465.0	35.44724140739786	0
7475.0	35.430813115292736	0
7485.0	35.403928031890246	0
7495.0	35.381177000608666	0
7505.0	35.36003209477179	0
7515.0	35.32666564537181	0
7525.0	35.2941771804927	0
7535.0	35.25726576173315	0
7545.0	35.21787488595913	0
7555.0	35.17481744837388	0
7565.0	35.125205236742836	0
7575.0	35.074983684247954	0
7585.0	35.030661188047794	0
7595.0	34.985112009344896	0
7605.0	34.926705903113785	0
7615.0	34.866588241823536	0
7625.0	34.80321789855474	0
7635.0	34.734951127758315	0
7645.0	34.670330562370054	0
7655.0	34.60161065684874	0
7665.0	34.531932800780986	0
7675.0	34.45999194391278	0
7685.0	34.39306393284367	0
7695.0	34.321587830599306	0
7705.0	34.24735871941171	0
7715.0	34.18086676630148	0
7725.0	34.111646581548875	0
7735.0	34.046979680692495	0
7745.0	33.983128345541814	0
7755.0	33.91665390642167	0
7765.0	33.84751440309766	0
7775.0	33.800152684334094	0
7785.0	33.752089826408856	0
7795.0	33.69242017461547	0
7805.0	33.63950953481168	0
7815.0	33.59254004876824	0
7825.0	33.54476609247365	0
7835.0	33.50092135400746	0
7845.0	33.45728867723303	0
7855.0	33.423078978928515	0
7865.0	33.3845900057849	0
7875.0	33.351048047250686	0
7885.0	33.32369090239221	0
7895.0	33.296167958968454	0
7905.0	33.27141170557966	0
7915.0	33.25526757270579	0
7925.0	33.24254044868902	0
7935.0	33.23502788633458	0
7945.0	33.22929175538824	0
7955.0	33.2294142162738	0
7965.0	33.23882328999557	0
7975.0	33.24500307992498	0
7985.0	33.26664085997204	0
7995.0	33.281086557503336	0
8005.0	33.30070168604146	0
8015.0	33.32213891171841	0
8025.0	33.352098252993216	0
8035.0	33.376474929452996	0
8045.0	33.41305670249613	0
8055.0	33.445374558811395	0
8065.0	33.48422000260667	0
8075.0	33.527624625270654	0
8085.0	33.57236166801846	0
8095.0	33.61746664922034	0
8105.0	33.6679072325393	0
8115.0	33.71713788777785	0
8125.0	33.76842404611027	0
8135.0	33.82233987306893	0
8145.0	33.88548407147223	0
8155.0	33.94506932466725	0
8165.0	34.00096477752262	0
8175.0	34.06007393631863	0
8185.0	34.12665431240238	0
8195.0	34.183343784754534	0
8205.0	34.2351336102054	0
8215.0	34.29059239114745	0
8225.0	34.34727139306809	0
8235.0	34.402310161282884	0
8245.0	34.45685005021725	0
8255.0	34.50236980227097	0
8265.0	34.549650837481735	0
8275.0	34.5917207647225	0
8285.0	34.63625527510526	0
8295.0	34.67726497180037	0
8305.0	34.717838079713	0
8315.0	34.75257392929665	0
8325.0	34.79202181535556	0
8335.0	34.82548111190364	0
8345.0	34.85382347343524	0
8355.0	34.872403241522036	0
8365.0	34.892759297162044	0
8375.0	34.90963046839109	0
8385.0	34.9353250466049	0
8395.0	34.949434584805005	0
8405.0	34.95400396497151	0
8415.0	34.960633157842516	0
8425.0	34.96623219886444	0
8435.0	34.96650113819435	0
8445.0	34.97058928484722	0
8455.0	34.96741762771091	0
8465.0	34.96431550634279	0
8475.0	34.96047518658134	0
8485.0	34.95888857020883	0
8495.0	34.94952575523207	0
8505.0	34.9399808059891	0
8515.0	34.93697282966783	0
8525.0	34.92588926608546	0
8535.0	34.912211620680026	0
8545.0	34.90415005456021	0
8555.0	34.89619019691888	0
8565.0	34.887632516192745	0
8575.0	34.881099074909784	0
8585.0	34.87945953762246	0
8595.0	34.871439118914	0
8605.0	34.86270858543924	0
8615.0	34.856427785376326	0
8625.0	34.84920016789524	0
8635.0	34.8475228313633	0
8645.0	34.84992404881929	0
8655.0	34.84614513770083	0
8665.0	34.848133301877134	0
8675.0	34.84724445365177	0
8685.0	34.846986673449685	0
8695.0	34.85834204663861	0
8705.0	34.86033610070373	0
8715.0	34.865707386065225	0
8725.0	34.87736914921543	0
8735.0	34.88704261229883	0
8745.0	34.89768474777854	0
8755.0	34.90761874343001	0
8765.0	34.92570130294318	0
8775.0	34.939750553577966	0
8785.0	34.96250938955082	0
8795.0	34.9803999722134	0
8805.0	35.00037138487682	0
8815.0	35.020649232571564	0
8825.0	35.03913854850958	0
8835.0	35.06491939296656	0
8845.0	35.088629786285296	0
8855.0	35.112498518558475	0
8865.0	35.13941786519247	0
8875.0	35.16450207559337	0
8885.0	35.19558904619026	0
8895.0	35.22045287123168	0
8905.0	35.249226334860055	0
8915.0	35.27787028902856	0
8925.0	35.30697244598002	0
8935.0	35.33334462954951	0
8945.0	35.36125192461083	0
8955.0	35.39356386921231	0
8965.0	35.42671137933834	0
8975.0	35.45046206267181	0
8985.0	35.4887163138139	0
8995.0	35.51563938551844	0
9005.0	35.542922003905126	0
9015.0	35.569573558108836	0
9025.0	35.59626713674824	0
9035.0	35.620831968412006	0
9045.0	35.64734417176848	0
9055.0	35.67309380299128	0
9065.0	35.7061253827804	0
9075.0	35.72678239598787	0
9085.0	35.75067275588925	0
9095.0	35.77292449612503	0
9105.0	35.78726207214192	0
9115.0	35.80651255842869	0
9125.0	35.82435250499708	0
9135.0	35.839065106318166	0
9145.0	35.85044215468213	0
9155.0	35.856959075528806	0
9165.0	35.86352056169918	0
9175.0	35.868042479439644	0
9185.0	35.87040231106731	0
9195.0	35.87858475070492	0
9205.0	35.881620973606005	0
9215.0	35.87713123878459	0
9225.0	35.871399402853235	0
9235.0	35.864475383280265	0
9245.0	35.86198681921639	0
9255.0	35.85279713949896	0
9265.0	35.83707296333095	0
9275.0	35.82433258380146	0
9285.0	35.80282433741721	0
9295.0	35.78700337803195	0
9305.0	35.76649669824891	0
9315.0	35.74497784166456	0
9325.0	35.72020216115895	0
9335.0	35.69546391057855	0
9345.0	35.66793564891915	0
9355.0	35.639094693634824	0
9365.0	35.608623924700765	0
9375.0	35.582607706975224	0
9385.0	35.54960798504441	0
9395.0	35.523255121492696	0
9405.0	35.490762514520476	0
9415.0	35.45498798207181	0
9425.0	35.41908773933011	0
9435.0	35.384711082776846	0
9445.0	35.34631403600596	0
9455.0	35.3078150589239	0
9465.0	35.27147395502711	0
9475.0	35.22869538756091	0
9485.0	35.1827218337993	0
9495.0	35.14048367922946	0
9505.0	35.09746239660075	0
9515.0	35.05386624620725	0
9525.0	35.010398183204316	0
9535.0	34.968052267887224	0
9545.0	34.91896562143807	0
9555.0	34.87074306846001	0
9565.0	34.824096461497504	0
9575.0	34.77859298591216	0
9585.0	34.73139060862908	0
9595.0	34.69112497820267	0
9605.0	34.63892692681028	0
9615.0	34.58850838804171	0
9625.0	34.54279393622391	0
9635.0	34.49588875833633	0
9645.0	34.44433137875591	0
9655.0	34.390696332542824	0
9665.0	34.336731273645675	0
9675.0	34.28484677533484	0
9685.0	34.23589249721728	0
9695.0	34.18458034467698	0
9705.0	34.13049205177175	0
9715.0	34.07626365171941	0
9725.0	34.02006311954676	0
9735.0	33.97083231945852	0
9745.0	33.918613587968096	0
9755.0	33.86210253451547	0
9765.0	33.80979969470526	0
9775.0	33.758650666815086	0
9785.0	33.707675751574136	0
9795.0	33.65523670941088	0
9805.0	33.619219141640045	0
9815.0	33.56956313868459	0
9825.0	33.52181302964871	0
9835.0	33.47556229580694	0
9845.0	33.42433470869014	0
9855.0	33.37775126050736	0
9865.0	33.330461254647545	0
9875.0	33.28654515552331	0
9885.0	33.24547091886534	0
9895.0	33.20006682318176	0
9905.0	33.15737245882373	0
9915.0	33.116494960895274	0
9925.0	33.07741153667069	0
9935.0	33.03322426481082	0
9945.0	32.99097474162178	0
9955.0	32.954067552879074	0
9965.0	32.916699826194915	0
9975.0	32.88184632627558	0
9985.0	32.843027520882835	0
9995.0	32.81874844309994	0
10005.0	32.79366732298381	0
10015.0	32.762882392131985	0
10025.0	32.73255326040525	0
10035.0	32.703066877651246	0
10045.0	32.67034873901748	0
10055.0	32.64010022141045	0
10065.0	32.61442255608513	0
10075.0	32.58767646943469	0
10085.0	32.55831477010356	0
10095.0	32.53079387483032	0
10105.0	32.50638817824455	0
10115.0	32.48267737635978	0
10125.0	32.45914374651174	0
10135.0	32.43056782987202	0
10145.0	32.40592969418055	0
10155.0	32.38187327157576	0
10165.0	32.356674685297556	0
10175.0	32.33935266513584	0
10185.0	32.31690692568465	0
10195.0	32.29705628348569	0
10205.0	32.27291442655268	0
10215.0	32.26087504197058	0
10225.0	32.238135861104595	0
10235.0	32.21968192162473	0
10245.0	32.20063551155926	0
10255.0	32.17624380160312	0
10265.0	32.15664519631303	0
10275.0	32.1400592005345	0
10285.0	32.12007165008764	0
10295.0	32.10255785081015	0
10305.0	32.08365826154643	0
10315.0	32.07006547800363	0
10325.0	32.05181395010867	0
10335.0	32.03886954422514	0
10345.0	32.02316799842741	0
10355.0	32.009465298145415	0
10365.0	32.0018642170099	0
10375.0	31.992314049188312	0
10385.0	31.982231108238636	0
10395.0	31.969577707342005	0
10405.0	31.960756115849914	0
10415.0	31.958562170492634	0
10425.0	31.95113776746483	0
10435.0	31.943499520940254	0
10445.0	31.935362660151238	0
10455.0	31.93226653995196	0
10465.0	31.92972088210952	0
10475.0	31.925089801457492	0
10485.0	31.92197740598076	0
10495.0	31.92104060684284	0
10505.0	31.9222075473521	0
10515.0	31.923431343374574	0
10525.0	31.924175856411285	0
10535.0	31.925689976288268	0
10545.0	31.927140664336317	0
10555.0	31.939219966417053	0
10565.0	31.94458531938261	0
10575.0	31.950094485563312	0
10585.0	31.95823336410398	0
10595.0	31.964515377235884	0
10605.0	31.974734363944982	0
10615.0	31.991015357068072	0
10625.0	31.998585173175535	0
10635.0	32.00855024301291	0
10645.0	32.01905941000194	0
10655.0	32.03165842107287	0
10665.0	32.0446051914631	0
10675.0	32.056452612435734	0
10685.0	32.07238458306217	0
10695.0	32.08319046396303	0
10705.0	32.097206923925505	0
10715.0	32.108186237089974	0
10725.0	32.11904216599208	0
10735.0	32.13752034397443	0
10745.0	32.15240675381587	0
10755.0	32.163827055196585	0
10765.0	32.17903968692646	0
10775.0	32.195005548935924	0
10785.0	32.211634921409896	0
10795.0	32.22349618197361	0
10805.0	32.236371573439605	0
10815.0	32.25186928817733	0
10825.0	32.27406762976261	0
10835.0	32.28577986253406	0
10845.0	32.30066339944951	0
10855.0	32.31438804626753	0
10865.0	32.3235032892768	0
10875.0	32.335797960984955	0
10885.0	32.34870625119704	0
10895.0	32.35822159502722	0
10905.0	32.3680751227768	0
10915.0	32.38208035534893	0
10925.0	32.39574263773101	0
10935.0	32.404374769132154	0
10945.0	32.41615275896399	0
10955.0	32.42800256834942	0
10965.0	32.43664714340682	0
10975.0	32.44659033356636	0
10985.0	32.45327900044363	0
10995.0	32.4626487978909	0
11005.0	32.47412021316555	0
11015.0	32.481455047661825	0
11025.0	32.48848508687646	0
11035.0	32.502984726566226	0
11045.0	32.511426492685985	0
11055.0	32.52016990644781	0
11065.0	32.526587979897	0
11075.0	32.53371436964848	0
11085.0	32.53845158361052	0
11095.0	32.542824249236666	0
11105.0	32.549473478565766	0
11115.0	32.55740339558142	0
11125.0	32.56053268029026	0
11135.0	32.564476806133754	0
11145.0	32.56664453631148	0
11155.0	32.57029929692366	0
11165.0	32.571718242054544	0
11175.0	32.57379250935708	0
11185.0	32.57299247746612	0
11195.0	32.57316007765644	0
11205.0	32.5752855784818	0
11215.0	32.575227998339926	0
11225.0	32.57454036460574	0
11235.0	32.578832433333965	0
11245.0	32.57565438075932	0
11255.0	32.57272813532806	0
11265.0	32.57018585103105	0
11275.0	32.563190301335034	0
11285.0	32.55838947158376	0
11295.0	32.55871876072819	0
11305.0	32.549646902847826	0
11315.0	32.54295151699723	0
11325.0	32.53347101186225	0
11335.0	32.52664169495285	0
11345.0	32.520828661716074	0
11355.0	32.510674456612264	0
11365.0	32.500937682460396	0
11375.0	32.49130582955097	0
11385.0	32.47982994216604	0
11395.0	32.46849402984838	0
11405.0	32.45635645157073	0
11415.0	32.44408976750872	0
11425.0	32.429231314844394	0
11435.0	32.413631709680075	0
11445.0	32.40500161583028	0
11455.0	32.38835331125931	0
11465.0	32.37413182930548	0
11475.0	32.35756697874301	0
11485.0	32.34708476364379	0
11495.0	32.32995272442873	0
11505.0	32.31445620281376	0
11515.0	32.29786159201649	0
11525.0	32.279098430362566	0
11535.0	32.26025513159047	0
11545.0	32.2449509701652	0
11555.0	32.22857334389517	0
11565.0	32.21395924643816	0
11575.0	32.193725353925544	0
11585.0	32.17731939084521	0
11595.0	32.162217662190905	0
11605.0	32.14826064259178	0
11615.0	32.129380862578046	0
11625.0	32.11301321813285	0
11635.0	32.09403690620359	0
11645.0	32.084838006620735	0
11655.0	32.069362926149005	0
11665.0	32.05155228037512	0
11675.0	32.03841924572347	0
11685.0	32.02358535980668	0
11695.0	32.00871951371856	0
11705.0	31.995804500568962	0
11715.0	31.977775181778313	0
11725.0	31.96149113732344	0
11735.0	31.94716027132146	0
11745.0	31.93187298853186	0
11755.0	31.91783132046704	0
11765.0	31.904205152494622	0
11775.0	31.888609877042082	0
11785.0	31.876274453596068	0
11795.0	31.857978295659866	0
11805.0	31.846866114062728	0
11815.0	31.829554849459033	0
11825.0	31.81609479461921	0
11835.0	31.800125579333383	0
11845.0	31.786522344655282	0
11855.0	31.777679383833295	0
11865.0	31.76934121915765	0
11875.0	31.752469633217775	0
11885.0	31.7372720198872	0
11895.0	31.724169935257986	0
11905.0	31.708479359192545	0
11915.0	31.694480211139176	0
11925.0	31.67928372697401	0
11935.0	31.664021979068085	0
11945.0	31.65287127334153	0
11955.0	31.63287000616091	0
11965.0	31.62050220985017	0
11975.0	31.60416877058661	0
11985.0	31.58961566217421	0
11995.0	31.572485785974933	0
12005.0	31.556630344452362	0
12015.0	31.54149329396404	0
12025.0	31.527845665423992	0
12035.0	31.517906069541816	0
12045.0	31.50940458428816	0
12055.0	31.493379732149055	0
12065.0	31.486878439915994	0
12075.0	31.476313894388724	0
12085.0	31.46201186262205	0
12095.0	31.45091394050371	0
12105.0	31.438261455185938	0
12115.0	31.428551744857305	0
12125.0	31.415878950571887	0
12135.0	31.40710449558367	0
12145.0	31.400295378006838	0
12155.0	31.392187137120604	0
12165.0	31.38676998417445	0
12175.0	31.380440228344007	0
12185.0	31.376337450600793	0
12195.0	31.37173265860648	0
12205.0	31.365386109823287	0
12215.0	31.366494377598755	0
12225.0	31.366244455215348	0
12235.0	31.376316552666662	0
12245.0	31.37778049111263	0
12255.0	31.385759259012218	0
12265.0	31.397711837039047	0
12275.0	31.40296409762696	0
12285.0	31.411848326224522	0
12295.0	31.41913718359414	0
12305.0	31.429768381767367	0
12315.0	31.442331476072148	0
12325.0	31.455281872029598	0
12335.0	31.471159037434965	0
12345.0	31.486151523418812	0
12355.0	31.502269783654217	0
12365.0	31.519911938848626	0
12375.0	31.539389782149247	0
12385.0	31.55824127742027	0
12395.0	31.58117141117143	0
12405.0	31.60452597575693	0
12415.0	31.628602912351212	0
12425.0	31.658832769837726	0
12435.0	31.685519065513443	0
12445.0	31.712310738360134	0
12455.0	31.740652216663555	0
12465.0	31.76809161274328	0
12475.0	31.802610309203473	0
12485.0	31.831465469882993	0
12495.0	31.862264093909232	0
12505.0	31.89501607407603	0
12515.0	31.92596462673427	0
12525.0	31.961431071414886	0
12535.0	31.991787285284317	0
12545.0	32.02875287802184	0
12555.0	32.060666711613024	0
12565.0	32.09405173138514	0
12575.0	32.12881388501795	0
12585.0	32.16348028126496	0
12595.0	32.19728285127433	0
12605.0	32.22968531729575	0
12615.0	32.26620887039301	0
12625.0	32.30018890228076	0
12635.0	32.337795414405804	0
12645.0	32.37052519720482	0
12655.0	32.403655282139745	0
12665.0	32.43532798042114	0
12675.0	32.47076436146869	0
12685.0	32.51168388301638	0
12695.0	32.54469554419881	0
12705.0	32.58061460147413	0
12715.0	32.61188324853442	0
12725.0	32.64561849720693	0
12735.0	32.67752143653472	0
12745.0	32.71064308617428	0
12755.0	32.745859839514175	0
12765.0	32.77816635623887	0
12775.0	32.80907016049254	0
12785.0	32.83717859588943	0
12795.0	32.86569513243069	0
12805.0	32.90160591104041	0
12815.0	32.93219742805913	0
12825.0	32.9611295178224	0
12835.0	32.987742106152346	0
12845.0	33.0152229452759	0
12855.0	33.04585712393755	0
12865.0	33.073761209993215	0
12875.0	33.098919177046746	0
12885.0	33.1295052732502	0
12895.0	33.1530976011843	0
12905.0	33.17908598548011	0
12915.0	33.2049558829001	0
12925.0	33.229263291909575	0
12935.0	33.251376450520375	0
12945.0	33.27360570944275	0
12955.0	33.29367071618632	0
12965.0	33.31591699175369	0
12975.0	33.3367715051791	0
12985.0	33.35745394046381	0
12995.0	33.38127141715885	0
13005.0	33.398604624294315	0
13015.0	33.41793434369605	0
13025.0	33.43567793560517	0
13035.0	33.45247678712285	0
13045.0	33.46874406658589	0
13055.0	33.48264819909699	0
13065.0	33.49673729180166	0
13075.0	33.508779627953864	0
13085.0	33.52206925956983	0
13095.0	33.53856444911095	0
13105.0	33.552351279363954	0
13115.0	33.562477394374326	0
13125.0	33.570041918196935	0
13135.0	33.578706847853	0
13145.0	33.588093746905784	0
13155.0	33.59493644083098	0
13165.0	33.60218941493092	0
13175.0	33.60582933696638	0
13185.0	33.61453252112078	0
13195.0	33.616616032232315	0
13205.0	33.61661852228766	0
13215.0	33.6181171190261	0
13225.0	33.6158845139076	0
13235.0	33.615582161749195	0
13245.0	33.614018088934664	0
13255.0	33.61119772041778	0
13265.0	33.607735435885154	0
13275.0	33.60372980818839	0
13285.0	33.599453620650095	0
13295.0	33.594676067121924	0
13305.0	33.59180164119426	0
13315.0	33.58365590207164	0
13325.0	33.57532174068399	0
13335.0	33.56343939966559	0
13345.0	33.55372374283837	0
13355.0	33.544273609394345	0
13365.0	33.5350490128343	0
13375.0	33.523407788473506	0
13385.0	33.50830136245593	0
13395.0	33.495458301595534	0
13405.0	33.47771561086986	0
13415.0	33.463348400057406	0
13425.0	33.44449310106917	0
13435.0	33.427890775010894	0
13445.0	33.40797413114102	0
13455.0	33.388064315222586	0
13465.0	33.36711199314027	0
13475.0	33.348008009023296	0
13485.0	33.32592235837308	0
13495.0	33.30398559580675	0
13505.0	33.28166786518296	0
13515.0	33.26307416964357	0
13525.0	33.23954613664932	0
13535.0	33.213029895124706	0
13545.0	33.18577630544711	0
13555.0	33.16428298628549	0
13565.0	33.136902756438516	0
13575.0	33.108992585006604	0
13585.0	33.078741588905466	0
13595.0	33.0493221495692	0
13605.0	33.0163812424561	0
13615.0	32.98865996729077	0
13625.0	32.95627377596227	0
13635.0	32.9279501281294	0
13645.0	32.89364111192289	0
13655.0	32.85946487629606	0
13665.0	32.82669709735928	0
13675.0	32.79331209703803	0
13685.0	32.75532760903487	0
13695.0	32.71633463646777	0
13705.0	32.680461927376776	0
13715.0	32.647745064454114	0
13725.0	32.61060006286411	0
13735.0	32.57179438757737	0
13745.0	32.53567952760239	0
13755.0	32.497380218426514	0
13765.0	32.45808573113736	0
13775.0	32.418701638341204	0
13785.0	32.37823535076176	0
13795.0	32.33751870780487	0
13805.0	32.295827146913325	0
13815.0	32.25318290264027	0
13825.0	32.21074639171275	0
13835.0	32.16664235538578	0
13845.0	32.12433385052486	0
13855.0	32.08279688386282	0
13865.0	32.03956726172136	0
13875.0	31.99555846390782	0
13885.0	31.95513381435161	0
13895.0	31.909616036929435	0
13905.0	31.865064705351713	0
13915.0	31.82318911303468	0
13925.0	31.783762868259068	0
13935.0	31.744018934999882	0
13945.0	31.701420314616744	0
13955.0	31.655393482919763	0
13965.0	31.613609981236255	0
13975.0	31.571898775447732	0
13985.0	31.530155815505104	0
13995.0	31.489211926912137	0
14005.0	31.445484871688663	0
14015.0	31.404551143562596	0
14025.0	31.362702364933547	0
14035.0	31.324957013946108	0
14045.0	31.28602453859144	0
14055.0	31.247928970535863	0
14065.0	31.208237634110397	0
14075.0	31.171869502147683	0
14085.0	31.133638923019817	0
14095.0	31.096676805732784	0
14105.0	31.061424252988182	0
14115.0	31.025258128755983	0
14125.0	30.994649210942164	0
14135.0	30.966072919617705	0
14145.0	30.933599117260258	0
14155.0	30.90134327521955	0
14165.0	30.865952722338978	0
14175.0	30.834946374674878	0
14185.0	30.803223498340188	0
14195.0	30.772126122183682	0
14205.0	30.74383385347812	0
14215.0	30.711257320507276	0
14225.0	30.680506971004014	0
14235.0	30.64962879255291	0
14245.0	30.618315929273827	0
14255.0	30.59027591090707	0
14265.0	30.56109564001856	0
14275.0	30.53570672912838	0
14285.0	30.50848594583947	0
14295.0	30.480930804015177	0
14305.0	30.45559449372986	0
14315.0	30.43286429044496	0
14325.0	30.409143953033556	0
14335.0	30.382291695227092	0
14345.0	30.362172298256535	0
14355.0	30.337371349825077	0
14365.0	30.31431634101608	0
14375.0	30.28536571277028	0
14385.0	30.262343856509695	0
14395.0	30.237152657926373	0
14405.0	30.213890478828183	0
14415.0	30.188285251702446	0
14425.0	30.161825480798072	0
14435.0	30.137087279306392	0
14445.0	30.107445394389387	0
14455.0	30.081337684627904	0
14465.0	30.054998402622143	0
14475.0	30.02443945019665	0
14485.0	29.996266292644172	0
14495.0	29.966639338232078	0
14505.0	29.943512382525338	0
14515.0	29.917881482346875	0
14525.0	29.891271109963476	0
14535.0	29.86360892729291	0
14545.0	29.834044868074916	0
14555.0	29.81118529719865	0
14565.0	29.78160181391522	0
14575.0	29.75008929036313	0
14585.0	29.72096143247672	0
14595.0	29.69250957087108	0
14605.0	29.662531373194867	0
14615.0	29.631673996677293	0
14625.0	29.60125913755566	0
14635.0	29.57081580764157	0
14645.0	29.54114274869012	0
14655.0	29.510748932703365	0
14665.0	29.479306990522446	0
14675.0	29.443180299839604	0
14685.0	29.410562199111737	0
14695.0	29.383451650749347	0
14705.0	29.351461165084956	0
14715.0	29.321337755113106	0
14725.0	29.291417725847985	0
14735.0	29.25905575241314	0
14745.0	29.226656283489287	0
14755.0	29.19697510767821	0
14765.0	29.1708633804247	0
14775.0	29.14072671187441	0
14785.0	29.111519752382186	0
14795.0	29.08046918252354	0
14805.0	29.052336353758562	0
14815.0	29.02185800273868	0
14825.0	28.99376050365263	0
14835.0	28.964941332292163	0
14845.0	28.93606786873768	0
14855.0	28.90907211048057	0
14865.0	28.881737952335907	0
14875.0	28.85496867053623	0
14885.0	28.829414639085556	0
14895.0	28.802626899155577	0
14905.0	28.777208266977876	0
14915.0	28.752905944565306	0
14925.0	28.72706303101475	0
14935.0	28.702004346285086	0
14945.0	28.67488819617322	0
14955.0	28.654481234220274	0
14965.0	28.630190586862224	0
14975.0	28.61290443894574	0
14985.0	28.58856384557326	0
14995.0	28.56856415125054	0
15005.0	28.54827278128414	0
15015.0	28.52873064073824	0
15025.0	28.50907578467633	0
15035.0	28.490185928124642	0
15045.0	28.4691568043302	0
15055.0	28.451017413615812	0
15065.0	28.431513799382472	0
15075.0	28.418129713197413	0
15085.0	28.40113532049066	0
15095.0	28.384881776439308	0
15105.0	28.369208587676372	0
15115.0	28.350781790749856	0
15125.0	28.33549774552113	0
15135.0	28.320667667311103	0
15145.0	28.30612439885947	0
15155.0	28.291092108313777	0
15165.0	28.278708928110696	0
15175.0	28.270436315583694	0
15185.0	28.254924973548032	0
15195.0	28.241554497036454	0
15205.0	28.229666268024282	0
15215.0	28.215445724905152	0
15225.0	28.204545257310436	0
15235.0	28.19173306333104	0
15245.0	28.180287801315966	0
15255.0	28.170334344975835	0
15265.0	28.162239485113616	0
15275.0	28.15201165603502	0
15285.0	28.141805006454618	0
15295.0	28.130877209576745	0
15305.0	28.12010131668934	0
15315.0	28.109121745595488	0
15325.0	28.098786725298837	0
15335.0	28.088570670273977	0
15345.0	28.079521297639314	0
15355.0	28.070755254907844	0
15365.0	28.063383469575676	0
15375.0	28.05213030046356	0
15385.0	28.04842049639753	0
15395.0	28.041209863419432	0
15405.0	28.033800100075197	0
15415.0	28.02629422347655	0
15425.0	28.01817140931322	0
15435.0	28.010852997960978	0
15445.0	28.002982902817358	0
15455.0	27.999277379671817	0
15465.0	27.992318237064858	0
15475.0	27.982272221117583	0
15485.0	27.975605494299487	0
15495.0	27.969826655655744	0
15505.0	27.96051688409765	0
15515.0	27.95732899735218	0
15525.0	27.951875072575856	0
15535.0	27.944719954390322	0
15545.0	27.939229665608785	0
15555.0	27.93523658834141	0
15565.0	27.927126975119013	0
15575.0	27.919792541688793	0
15585.0	27.915555777164865	0
15595.0	27.914109084677133	0
15605.0	27.90799175066022	0
15615.0	27.90019703771693	0
15625.0	27.893434082791767	0
15635.0	27.889233987856464	0
15645.0	27.889894720170776	0
15655.0	27.8857939101322	0
15665.0	27.882168703801746	0
15675.0	27.877288487702007	0
15685.0	27.872255012615714	0
15695.0	27.868319173093216	0
15705.0	27.86354731279719	0
15715.0	27.859429789892594	0
15725.0	27.854341973982482	0
15735.0	27.851335547551415	0
15745.0	27.845433712815268	0
15755.0	27.842322593506985	0
15765.0	27.841107778154388	0
15775.0	27.835420319836714	0
15785.0	27.832600083527296	0
15795.0	27.82750110460913	0
15805.0	27.82863163229618	0
15815.0	27.825064099487296	0
15825.0	27.820650631745544	0
15835.0	27.818524829722136	0
15845.0	27.81334631587398	0
15855.0	27.80880948435372	0
15865.0	27.80398279188666	0
15875.0	27.798918987479507	0
15885.0	27.796493257509763	0
15895.0	27.791789172227645	0
15905.0	27.786197350848173	0
15915.0	27.779163781913972	0
15925.0	27.772980389006328	0
15935.0	27.769275507058918	0
15945.0	27.76215006467427	0
15955.0	27.754872276957702	0
15965.0	27.74939892579941	0
15975.0	27.74273307004867	0
15985.0	27.734814927932835	0
15995.0	27.727486302274514	0
16005.0	27.719334942492054	0
16015.0	27.716650963149185	0
16025.0	27.71314022145936	0
16035.0	27.703841068010362	0
16045.0	27.69355897408987	0
16055.0	27.685844427153764	0
16065.0	27.679033860505324	0
16075.0	27.666860874644737	0
16085.0	27.65817628012648	0
16095.0	27.646997393407027	0
16105.0	27.636138325986252	0
16115.0	27.624583626980645	0
16125.0	27.613159536607686	0
16135.0	27.601287172699607	0
16145.0	27.587857479231097	0
16155.0	27.5775429010139	0
16165.0	27.564091983360797	0
16175.0	27.549850574539313	0
16185.0	27.53616938636045	0
16195.0	27.522527969612057	0
16205.0	27.509037831867516	0
16215.0	27.49691797538037	0
16225.0	27.485317659775884	0
16235.0	27.46950152209243	0
16245.0	27.45288901645882	0
16255.0	27.438034148191754	0
16265.0	27.420353412597983	0
16275.0	27.40439994642692	0
16285.0	27.384375487562963	0
16295.0	27.36875459941891	0
16305.0	27.348797172378756	0
16315.0	27.3281298692505	0
16325.0	27.308161239888296	0
16335.0	27.287664707191443	0
16345.0	27.267401593267856	0
16355.0	27.24759322508341	0
16365.0	27.227477279981002	0
16375.0	27.208616328223233	0
16385.0	27.187506355939902	0
16395.0	27.16660336209315	0
16405.0	27.145568411656303	0
16415.0	27.124760744053557	0
16425.0	27.101737702891768	0
16435.0	27.083525446875335	0
16445.0	27.060225808900586	0
16455.0	27.03605819019667	0
16465.0	27.01224840021274	0
16475.0	26.989148098110675	0
16485.0	26.965574752261727	0
16495.0	26.94039055585299	0
16505.0	26.916081999742573	0
16515.0	26.892416808574268	0
16525.0	26.86607567262668	0
16535.0	26.839981544259214	0
16545.0	26.81454912420289	0
16555.0	26.78835833324441	0
16565.0	26.761872923029625	0
16575.0	26.736849448376923	0
16585.0	26.708590692247483	0
16595.0	26.683023055226993	0
16605.0	26.65894789615123	0
16615.0	26.634016392505103	0
16625.0	26.60706320811467	0
16635.0	26.579364136184537	0
16645.0	26.555916616056805	0
16655.0	26.528885548313536	0
16665.0	26.5019459001167	0
16675.0	26.473098506795303	0
16685.0	26.444494782555424	0
16695.0	26.4186269947902	0
16705.0	26.39111835393148	0
16715.0	26.361575220957477	0
16725.0	26.332775207391748	0
16735.0	26.303636718718707	0
16745.0	26.27365336462635	0
16755.0	26.242684285166703	0
16765.0	26.212674899996454	0
16775.0	26.183868804307348	0
16785.0	26.15380300626307	0
16795.0	26.130868782520604	0
16805.0	26.102016339791923	0
16815.0	26.072622439048608	0
16825.0	26.043398471842334	0
16835.0	26.014221019494215	0
16845.0	25.987564577918786	0
16855.0	25.96294812333434	0
16865.0	25.934013053725298	0
16875.0	25.90677396364695	0
16885.0	25.878956723220334	0
16895.0	25.85039281187955	0
16905.0	25.823149730786973	0
16915.0	25.797630806754082	0
16925.0	25.770441503639354	0
16935.0	25.741777546904906	0
16945.0	25.71623918589956	0
16955.0	25.689605051478043	0
16965.0	25.664282466230137	0
16975.0	25.63902136758821	0
16985.0	25.61657677939478	0
16995.0	25.590771064393124	0
17005.0	25.567669604179223	0
17015.0	25.54301885548449	0
17025.0	25.520403823493112	0
17035.0	25.495836793454668	0
17045.0	25.47255461841844	0
17055.0	25.45043693494376	0
17065.0	25.432971341820622	0
17075.0	25.411881620816814	0
17085.0	25.390673230640427	0
17095.0	25.369687112847853	0
17105.0	25.349189478954933	0
17115.0	25.32911835086696	0
17125.0	25.31031960911483	0
17135.0	25.291772839273552	0
17145.0	25.27435027257748	0
17155.0	25.257654676082467	0
17165.0	25.241406779744626	0
17175.0	25.230268309307185	0
17185.0	25.21591551682952	0
17195.0	25.20089303789335	0
17205.0	25.186376588301123	0
17215.0	25.174140013764088	0
17225.0	25.16194933531215	0
17235.0	25.150408036285224	0
17245.0	25.139909302485066	0
17255.0	25.127596237102125	0
17265.0	25.119434935095583	0
17275.0	25.114394147556073	0
17285.0	25.105955672266624	0
17295.0	25.097967906267076	0
17305.0	25.089586087761624	0
17315.0	25.08231098236559	0
17325.0	25.077483802151434	0
17335.0	25.07357718342712	0
17345.0	25.067806780743723	0
17355.0	25.06308647110955	0
17365.0	25.061535045556685	0
17375.0	25.057511595800936	0
17385.0	25.053265000435704	0
17395.0	25.051346477339028	0
17405.0	25.049302351595426	0
17415.0	25.048161994225158	0
17425.0	25.04582893594742	0
17435.0	25.045408742295084	0
17445.0	25.045600750928163	0
17455.0	25.04628083979546	0
17465.0	25.046394688962643	0
17475.0	25.047329102493347	0
17485.0	25.05239005827243	0
17495.0	25.052572876718713	0
17505.0	25.053738000060626	0
17515.0	25.056379720328074	0
17525.0	25.05828648447755	0
17535.0	25.060461486918225	0
17545.0	25.063508380115863	0
17555.0	25.06515432179699	0
17565.0	25.0685182166711	0
17575.0	25.072509680854367	0
17585.0	25.07689261308652	0
17595.0	25.079263213163184	0
17605.0	25.084096857625095	0
17615.0	25.088835223119247	0
17625.0	25.093841076808197	0
17635.0	25.098147226440343	0
17645.0	25.101296825066314	0
17655.0	25.106365322831767	0
17665.0	25.1126506207869	0
17675.0	25.116392828011083	0
17685.0	25.118859948401784	0
17695.0	25.127753407652982	0
17705.0	25.132676809593537	0
17715.0	25.135643703206412	0
17725.0	25.143114311648482	0
17735.0	25.149127412475668	0
17745.0	25.15705519123268	0
17755.0	25.161796754947122	0
17765.0	25.166461928837855	0
17775.0	25.16916488967485	0
17785.0	25.175834280008296	0
17795.0	25.180662326287333	0
17805.0	25.186986484984345	0
17815.0	25.191351395211196	0
17825.0	25.194547721996603	0
17835.0	25.20050224725979	0
17845.0	25.20664936445131	0
17855.0	25.211154395290514	0
17865.0	25.215870623555475	0
17875.0	25.220361624346225	0
17885.0	25.22605249413183	0
17895.0	25.230828916683762	0
17905.0	25.240514452931773	0
17915.0	25.245391405240216	0
17925.0	25.247967434231708	0
17935.0	25.25571485097998	0
17945.0	25.25974531769907	0
17955.0	25.26432869794179	0
17965.0	25.267123039372883	0
17975.0	25.271102620595368	0
17985.0	25.274840278446266	0
17995.0	25.27864016874258	0
18005.0	25.283202415143883	0
18015.0	25.286978351106487	0
18025.0	25.290984228430794	0
18035.0	25.2956534724297	0
18045.0	25.299129066321704	0
18055.0	25.30080006277219	0
18065.0	25.304790119865597	0
18075.0	25.308911375855466	0
18085.0	25.310764287985933	0
18095.0	25.314329527992268	0
18105.0	25.316895965792785	0
18115.0	25.321503249018882	0
18125.0	25.32263397469994	0
18135.0	25.326961925602223	0
18145.0	25.32826370930669	0
18155.0	25.328665032276863	0
18165.0	25.328744737804428	0
18175.0	25.329996769055114	0
18185.0	25.330687585947977	0
18195.0	25.331865027903074	0
18205.0	25.32954639194383	0
18215.0	25.329879863933527	0
18225.0	25.327490778137115	0
18235.0	25.326821540395787	0
18245.0	25.326291052425038	0
18255.0	25.322892547283725	0
18265.0	25.321751695143092	0
18275.0	25.319241712290317	0
18285.0	25.317539390723276	0
18295.0	25.31356054257701	0
18305.0	25.307784721217175	0
18315.0	25.304253070079223	0
18325.0	25.30564166423279	0
18335.0	25.301712489799396	0
18345.0	25.298713824835797	0
18355.0	25.29527301684241	0
18365.0	25.28953997850553	0
18375.0	25.28347137326409	0
18385.0	25.279388229287044	0
18395.0	25.273026870079477	0
18405.0	25.26830839805678	0
18415.0	25.26031002275099	0
18425.0	25.253654181492912	0
18435.0	25.247464210110323	0
18445.0	25.242116987054853	0
18455.0	25.23548626925476	0
18465.0	25.22855113618186	0
18475.0	25.219795755906556	0
18485.0	25.212742091511128	0
18495.0	25.20346575520018	0
18505.0	25.193936257253686	0
18515.0	25.188384309147672	0
18525.0	25.180877798843973	0
18535.0	25.171879582425763	0
18545.0	25.165766220851992	0
18555.0	25.156313029740218	0
18565.0	25.146084951721996	0
18575.0	25.13600680277058	0
18585.0	25.125796299472814	0
18595.0	25.11469250940735	0
18605.0	25.104251960386296	0
18615.0	25.09379418736078	0
18625.0	25.08254490631251	0
18635.0	25.072794551423822	0
18645.0	25.061426078845308	0
18655.0	25.050218003766318	0
18665.0	25.039710437738535	0
18675.0	25.028774316145277	0
18685.0	25.01690830223543	0
18695.0	25.004663578084767	0
18705.0	24.99510888168425	0
18715.0	24.983431298658985	0
18725.0	24.973957807420117	0
18735.0	24.960174121809786	0
18745.0	24.950159456152125	0
18755.0	24.941505886655456	0
18765.0	24.928862445382745	0
18775.0	24.916703065024777	0
18785.0	24.90586677987974	0
18795.0	24.89344137042091	0
18805.0	24.881816308844733	0
18815.0	24.870011457544773	0
18825.0	24.857386960939508	0
18835.0	24.84573008317975	0
18845.0	24.834069020124257	0
18855.0	24.81973525140351	0
18865.0	24.808007159274652	0
18875.0	24.79581761273015	0
18885.0	24.784777660035985	0
18895.0	24.775602033846397	0
18905.0	24.762980591224068	0
18915.0	24.752607283500137	0
18925.0	24.740576405368618	0
18935.0	24.729190549745777	0
18945.0	24.71807021203484	0
18955.0	24.707110207610338	0
18965.0	24.698428840734078	0
18975.0	24.68587287800501	0
18985.0	24.67371099002287	0
18995.0	24.662032567378258	0
19005.0	24.649531432989768	0
19015.0	24.638015553240823	0
19025.0	24.624871672995194	0
19035.0	24.61219763092485	0
19045.0	24.59926699771372	0
19055.0	24.58603364754353	0
19065.0	24.573074115943015	0
19075.0	24.56147845210125	0
19085.0	24.55184876832552	0
19095.0	24.53804872580623	0
19105.0	24.526791824474625	0
19115.0	24.515672635069187	0
19125.0	24.504090540018744	0
19135.0	24.49138184275722	0
19145.0	24.47849067421512	0
19155.0	24.464693259589954	0
19165.0	24.452678893007057	0
19175.0	24.442988176587246	0
19185.0	24.4305560418549	0
19195.0	24.41712141040508	0
19205.0	24.40372543683955	0
19215.0	24.390372206276126	0
19225.0	24.377927937109963	0
19235.0	24.36410515932481	0
19245.0	24.350557328333018	0
19255.0	24.336096579879335	0
19265.0	24.32402785412686	0
19275.0	24.311427394878557	0
19285.0	24.299886296302187	0
19295.0	24.286065280005584	0
19305.0	24.27386167307937	0
19315.0	24.261413655436762	0
19325.0	24.2471386653161	0
19335.0	24.23424727666996	0
19345.0	24.2205528156366	0
19355.0	24.207621208645293	0
19365.0	24.194924386790852	0
19375.0	24.18116489024195	0
19385.0	24.172279663200406	0
19395.0	24.158128661361157	0
19405.0	24.14641466888945	0
19415.0	24.134251702945438	0
19425.0	24.120983799674026	0
19435.0	24.107057585654907	0
19445.0	24.095365434701925	0
19455.0	24.082384926762536	0
19465.0	24.068818160441698	0
19475.0	24.06075261878816	0
19485.0	24.047615052597042	0
19495.0	24.035062662617612	0
19505.0	24.023099521277942	0
19515.0	24.011069605123808	0
19525.0	23.9994618790894	0
19535.0	23.9892559699703	0
19545.0	23.975251916431567	0
19555.0	23.96409703830262	0
19565.0	23.95370622149508	0
19575.0	23.942990320953815	0
19585.0	23.932073601100292	0
19595.0	23.925440689750495	0
19605.0	23.915123637845035	0
19615.0	23.904778224802605	0
19625.0	23.895032703579904	0
19635.0	23.883981462162414	0
19645.0	23.87506386055771	0
19655.0	23.863917588608427	0
19665.0	23.85196528608564	0
19675.0	23.83988298926824	0
19685.0	23.82815989242763	0
19695.0	23.816512326489878	0
19705.0	23.80479729498972	0
19715.0	23.79238353210409	0
19725.0	23.780048099442446	0
19735.0	23.768389470328067	0
19745.0	23.756210382298622	0
19755.0	23.743019186265848	0
19765.0	23.73150807350545	0
19775.0	23.719378064591837	0
19785.0	23.707274396960738	0
19795.0	23.693884760694097	0
19805.0	23.683608848079746	0
19815.0	23.671197849323644	0
19825.0	23.657229690191166	0
19835.0	23.642359341820168	0
19845.0	23.626478360366534	0
19855.0	23.612237500119257	0
19865.0	23.59729913749677	0
19875.0	23.58213118027345	0
19885.0	23.565592761746437	0
19895.0	23.548922880514905	0
19905.0	23.531811539686906	0
19915.0	23.513842734389247	0
19925.0	23.493764175920564	0
19935.0	23.47483677576047	0
19945.0	23.454415453069025	0
19955.0	23.433498270445657	0
19965.0	23.412390625184884	0
19975.0	23.39087362947238	0
19985.0	23.36585514757493	0
19995.0	23.34098134171868	0
20005.0	23.31624674031037	0
20015.0	23.292908040486594	0
20025.0	23.265971846469895	0
20035.0	23.237311217722755	0
20045.0	23.207845621930577	0
20055.0	23.1768914602796	0
20065.0	23.14356771570675	0
20075.0	23.10883263561919	0
20085.0	23.07238131799878	0
20095.0	23.03524308040473	0
20105.0	22.995968004269056	0
20115.0	22.955249210784675	0
20125.0	22.912033112018875	0
20135.0	22.86837012255746	0
20145.0	22.821047422671978	0
20155.0	22.772322021685287	0
20165.0	22.722824830558803	0
20175.0	22.670182787728876	0
20185.0	22.61452347676626	0
20195.0	22.55894085256377	0
20205.0	22.501092906372545	0
20215.0	22.44091083139485	0
20225.0	22.38008233944079	0
20235.0	22.311778804536182	0
20245.0	22.243493240776697	0
20255.0	22.171950046578587	0
20265.0	22.09806874261291	0
20275.0	22.02082497676685	0
20285.0	21.941618529539742	0
20295.0	21.859506518218147	0
20305.0	21.77384325625196	0
20315.0	21.68378498029139	0
20325.0	21.592249405824138	0
20335.0	21.49692272461272	0
20345.0	21.398771942913008	0
20355.0	21.299063544891847	0
20365.0	21.194616722927474	0
20375.0	21.08744542537277	0
20385.0	20.977724683021833	0
20395.0	20.861699175485654	0
20405.0	20.74298630258697	0
20415.0	20.623738132242238	0
20425.0	20.50077272558018	0
20435.0	20.373847403859674	0
20445.0	20.246226229230352	0
20455.0	20.11289078033736	0
20465.0	19.975842871364495	0
20475.0	19.83452027184846	0
20485.0	19.69038149531622	0
20495.0	19.54245737212055	0
20505.0	19.390901725136427	0
20515.0	19.23645197196837	0
20525.0	19.07980348671373	0
20535.0	18.919005966493273	0
20545.0	18.75556993104757	0
20555.0	18.587216935742468	0
20565.0	18.415891543102532	0
20575.0	18.242819814723873	0
20585.0	18.063854057861064	0
20595.0	17.883342561500346	0
20605.0	17.699053762204866	0
20615.0	17.512315737764016	0
20625.0	17.323158516768704	0
20635.0	17.13088360466788	0
20645.0	16.936567474482015	0
20655.0	16.741473729133723	0
20665.0	16.540720068165637	0
20675.0	16.337121528825946	0
20685.0	16.130445885899526	0
20695.0	15.922101311646097	0
20705.0	15.712141560363845	0
20715.0	15.499116278367794	0
20725.0	15.284359664240176	0
20735.0	15.06842863119223	0
20745.0	14.850093894536196	0
20755.0	14.631277146457652	0
20765.0	14.41095141092902	0
20775.0	14.188402609958857	0
20785.0	13.963091171748667	0
20795.0	13.738699653766428	0
20805.0	13.511500204490995	0
20815.0	13.284981641681865	0
20825.0	13.056995295171117	0
20835.0	12.8289257940264	0
20845.0	12.599894731799397	0
20855.0	12.37018471330293	0
20865.0	12.14324621145928	0
20875.0	11.913002442868187	0
20885.0	11.682639556486526	0
20895.0	11.452983388865679	0
20905.0	11.223443169647922	0
20915.0	10.99393281101231	0
20925.0	10.766106528351116	0
20935.0	10.537708817174018	0
20945.0	10.311039089281657	0
20955.0	10.084885249578006	0
20965.0	9.859868932082701	0
20975.0	9.635056698281637	0
20985.0	9.411811826103458	0
20995.0	9.189649115172871	0
21005.0	8.970484154952349	0
21015.0	8.752201585127116	0
21025.0	8.53556177071318	0
21035.0	8.321520119262432	0
21045.0	8.108459574360904	0
21055.0	7.8987150989273225	0
21065.0	7.690256649823683	0
21075.0	7.486871775571617	0
21085.0	7.284107613850884	0
21095.0	7.082733980934581	0
21105.0	6.883134666872137	0
21115.0	6.686577044808712	0
21125.0	6.492543844652276	0
21135.0	6.302490530383247	0
21145.0	6.115949849613919	0
21155.0	5.930761443788444	0
21165.0	5.748933347381769	0
21175.0	5.57038131432272	0
21185.0	5.394213557950366	0
21195.0	5.221804036020696	0
21205.0	5.05256216430337	0
21215.0	4.88702854691792	0
21225.0	4.723301216816427	0
21235.0	4.563745003403947	0
21245.0	4.407616819349823	0
21255.0	4.254692042198204	0
21265.0	4.10511429261129	0
21275.0	3.9586405110339995	0
21285.0	3.818578233938025	0
21295.0	3.679694374711487	0
21305.0	3.5438066429279385	0
21315.0	3.4108237164442055	0
21325.0	3.281554371447054	0
21335.0	3.155175072573876	0
21345.0	3.0317008585202787	0
21355.0	2.9102339433072464	0
21365.0	2.7942522613739182	0
21375.0	2.6809611164738048	0
21385.0	2.5715156330626465	0
21395.0	2.4652704812333717	0
21405.0	2.363460649481445	0
21415.0	2.2637694593460815	0
21425.0	2.16726904341652	0
21435.0	2.073912236811084	0
21445.0	1.9831828407652043	0
21455.0	1.8952950541356175	0
21465.0	1.8106801655106324	0
21475.0	1.7279688007457794	0
21485.0	1.6482382812744594	0
21495.0	1.5745127398554022	0
21505.0	1.4998962278977332	0
21515.0	1.4296562422579269	0
21525.0	1.3607404351662475	0
21535.0	1.2935095637664744	0
21545.0	1.2290791191731008	0
21555.0	1.1680429107818526	0
21565.0	1.1091554625338385	0
21575.0	1.0532742613952017	0
21585.0	0.999276502599696	0
21595.0	0.9476940487585136	0
21605.0	0.8979972671102855	0
21615.0	0.8508279925950675	0
21625.0	0.8051803481240706	0
21635.0	0.761946774286155	0
21645.0	0.7203464030413471	0
21655.0	0.6817263332138833	0
21665.0	0.6440969355035456	0
21675.0	0.6072186381378992	0
21685.0	0.5707466899742739	0
21695.0	0.5372850534254086	0
21705.0	0.506217560420507	0
21715.0	0.4788510477764566	0
21725.0	0.45022036384934583	0
21735.0	0.42319701188284936	0
21745.0	0.39727386749633026	0
21755.0	0.3724155544485552	0
21765.0	0.349586031413954	0
21775.0	0.3269032416862717	0
21785.0	0.30572796839150845	0
21795.0	0.2859901824357712	0
21805.0	0.26649776470454534	0
21815.0	0.2482739757755515	0
21825.0	0.23046655130353555	0
21835.0	0.21431810552326436	0
21845.0	0.19848738619063247	0
21855.0	0.1845712654152886	0
21865.0	0.17143065336112323	0
21875.0	0.1589152332769997	0
21885.0	0.14699820271070962	0
21895.0	0.13646372726269104	0
21905.0	0.12665374005445276	0
21915.0	0.11601748604667828	0
21925.0	0.10929183255358027	0
21935.0	0.10001935196123367	0
21945.0	0.09131422456778558	0
21955.0	0.08380305941514159	0
21965.0	0.07653792613339654	0
21975.0	0.07016890699630482	0
21985.0	0.06398112915453506	0
21995.0	0.0567491154295413	0
22005.0	0.05209911175393599	0
22015.0	0.04663685558957773	0
22025.0	0.04119994364809919	0
22035.0	0.03792066071985509	0
22045.0	0.03373745912325507	0
22055.0	0.028935566191443347	0
22065.0	0.024914966590018846	0
22075.0	0.02105903442890216	0
22085.0	0.01713024845475396	0
22095.0	0.01519189026175026	0
22105.0	0.012021040499626594	0
22115.0	0.011032830215234133	0
22125.0	0.011280756955665595	0
22135.0	0.01152835902285655	0
22145.0	0.011775373500746974	0
22155.0	0.012021532690367766	0
22165.0	0.012266564560427873	0
22175.0	0.012510193218594281	0
22185.0	0.012752139402436828	0
22195.0	0.01299212098891758	0
22205.0	0.0132298535212152	0
22215.0	0.013465050751588395	0
22225.0	0.013697425198900205	0
22235.0	0.013926688719346395	0
22245.0	0.014152553088857512	0
22255.0	0.014374730595575293	0
22265.0	0.014592934640740879	0
22275.0	0.014806880346274516	0
22285.0	0.015016285167275193	0
22295.0	0.015220869507623566	0
22305.0	0.015521755556238435	0
22315.0	0.01572266126832456	0
22325.0	0.015918330980884254	0
22335.0	0.016108522529309607	0
22345.0	0.01629300042975768	0
22355.0	0.016471536478468597	0
22365.0	0.016643910339473347	0
22375.0	0.016809910118680823	0
22385.0	0.016969332922355654	0
22395.0	0.017121985398028165	0
22405.0	0.01726768425591663	0
22415.0	0.017406256768988167	0
22425.0	0.017537541249839483	0
22435.0	0.017661387502641086	0
22445.0	0.017777657248458863	0
22455.0	0.017886224522344424	0
22465.0	0.01798697604067058	0
22475.0	0.018079811537279878	0
22485.0	0.018164644067112354	0
22495.0	0.018241400276082717	0
22505.0	0.0183100206360874	0
22515.0	0.0183704596441368	0
22525.0	0.018422685984728116	0
22535.0	0.018466682654698356	0
22545.0	0.018502447049924754	0
22555.0	0.01852999101337135	0
22565.0	0.01854934084411365	0
22575.0	0.018560537267109444	0
22585.0	0.01856363536362073	0
22595.0	0.01855870446233001	0
22605.0	0.018545827991332232	0
22615.0	0.018525103291321843	0
22625.0	0.018496641390431296	0
22635.0	0.018460566741312908	0
22645.0	0.018417016921189244	0
22655.0	0.018366142295728017	0
22665.0	0.018308105647724678	0
22675.0	0.018243081771699747	0
22685.0	0.018171257035637003	0
22695.0	0.018092828911203257	0
22705.0	0.018008005473899597	0
22715.0	0.017917004874697343	0
22725.0	0.01782005478480933	0
22735.0	0.01771739181533778	0
22745.0	0.01760926091362386	0
22755.0	0.017495914738200613	0
22765.0	0.01737761301431999	0
22775.0	0.017254621872086148	0
22785.0	0.01712721316928036	0
22795.0	0.016995663801008292	0
22805.0	0.016860254998337224	0
22815.0	0.01672127161811945	0
22825.0	0.016579001426218366	0
22835.0	0.016433734376365302	0
22845.0	0.016285761886878837	0
22855.0	0.01613537611747308	0
22865.0	0.015982869248368427	0
22875.0	0.015828532763896837	0
22885.0	0.01567265674276456	0
22895.0	0.015515529157098196	0
22905.0	0.015357435182355638	0
22915.0	0.01519865652013156	0
22925.0	0.015039470735828711	0
22935.0	0.014880150613100898	0
22945.0	0.014720963526902064	0
22955.0	0.014562170836898399	0
22965.0	0.014404027302917543	0
22975.0	0.014246780524020727	0
22985.0	0.014090670402691019	0
22995.0	0.013935928635533652	0
23005.0	0.013782778231783525	0
23015.0	0.01363143306081066	0
23025.0	0.013482097429707058	0
23035.0	0.013334965691928704	0
23045.0	0.013190221887854655	0
23055.0	0.01304803941801175	0
23065.0	0.012908580749599061	0
23075.0	0.01277199715683105	0
23085.0	0.012638428495502951	0
23095.0	0.012508003012066851	0
23105.0	0.012380837187392333	0
23115.0	0.012257035615272107	0
23125.0	0.012136690915620977	0
23135.0	0.012019883682206356	0
23145.0	0.011906682464640444	0
23155.0	0.01179714378425881	0
23165.0	0.011691312183407458	0
23175.0	0.011589220307561158	0
23185.0	0.011490889019599836	0
23195.0	0.011396327545477782	0
23205.0	0.01130553365043226	0
23215.0	0.011218493844794262	0
23225.0	0.011135183618384763	0
23235.0	0.011055567702405084	0
23245.0	0.010979600357660045	0
23255.0	0.010907225687887597	0
23265.0	0.01083837797690885	0
23275.0	0.010772982048257634	0
23285.0	0.010710953645899399	0
23295.0	0.010652199834605223	0
23305.0	0.010596619418508	0
23315.0	0.010544103376334643	0
23325.0	0.010494535311780292	0
23335.0	0.010447791917468096	0
23345.0	0.010403743450920992	0
23355.0	0.01036225422096028	0
23365.0	0.010323183082939103	0
23375.0	0.010286383941217801	0
23385.0	0.010251706257291684	0
23395.0	0.010218995561990598	0
23405.0	0.010188093970183148	0
23415.0	0.010158840696436678	0
23425.0	0.010131072570107045	0
23435.0	0.010104624548359236	0
23445.0	0.010079330225651571	0
23455.0	0.010055022338251538	0
23465.0	0.010031533262390762	0
23475.0	0.010008695504709675	0
23485.0	0.00998634218368892	0
23495.0	0.009964307500814255	0
23505.0	0.009942427200274677	0
23515.0	0.009920539016048977	0
23525.0	0.00989848310529426	0
23535.0	0.009876102467010574	0
23545.0	0.009853243345018534	0
23555.0	0.009829755614351567	0
23565.0	0.00980549315023062	0
23575.0	0.009780314178857122	0
23585.0	0.00975408160932884	0
23595.0	0.00972666334605339	0
23605.0	0.009697932581104646	0
23615.0	0.009667768066038716	0
23625.0	0.009636054362757428	0
23635.0	0.009602682073078852	0
23645.0	0.009567548046745726	0
23655.0	0.009530555567673417	0
23665.0	0.0094916145183095	0
23675.0	0.009450641522046294	0
23685.0	0.009407560063696209	0
23695.0	0.009362300588106786	0
23705.0	0.009314800577058075	0
23715.0	0.009265004604648961	0
23725.0	0.009212864371441394	0
23735.0	0.00915833871769158	0
23745.0	0.009101393616055472	0
23755.0	0.009042002144211496	0
23765.0	0.00898014443789695	0
23775.0	0.00891580762490521	0
23785.0	0.00884898574063885	0
23795.0	0.008779679625859182	0
23805.0	0.008707896807314753	0
23815.0	0.0086336513619709	0
23825.0	0.008448949552392174	0
23835.0	0.008376941263840351	0
23845.0	0.008302132988275842	0
23855.0	0.00822458428660922	0
23865.0	0.008144359575790565	0
23875.0	0.008061527924499724	0
23885.0	0.007976162839415955	0
23895.0	0.007888342042871439	0
23905.0	0.007798147242707483	0
23915.0	0.007602323449162499	0
23925.0	0.007514438772259148	0
23935.0	0.0074240458117849125	0
23945.0	0.007331260004285427	0
23955.0	0.007236198755831357	0
23965.0	0.0071389811960000885	0
23975.0	0.007039727930927176	0
23985.0	0.006938560796137922	0
23995.0	0.006835602609860773	0
24005.0	0.006730976927512993	0
24015.0	0.006624807798035588	0
24025.0	0.006517219522738267	0
24035.0	0.006408336417297265	0
24045.0	0.006298282577528179	0
24055.0	0.006187181649533856	0
24065.0	0.006075156604802912	0
24075.0	0.0059623295208084326	0
24085.0	0.005848821367628846	0
24095.0	0.005734751801083683	0
24105.0	0.005620238962846548	0
24115.0	0.0055053992879660054	0
24125.0	0.005390347320192333	0
24135.0	0.005275195535474706	0
24145.0	0.005160054173959076	0
24155.0	0.005045031080782254	0
24165.0	0.004930231555922644	0
24175.0	0.0048157582133326006	0
24185.0	0.004701710849542063	0
24195.0	0.004588186321887621	0
24205.0	0.004475278436486178	0
24215.0	0.004363077846037508	0
24225.0	0.0042516719575057885	0
24235.0	0.0041411448496965495	0
24245.0	0.004031577200712666	0
24255.0	0.003923046225241	0
24265.0	0.0038156256215903625	0
24275.0	0.0037093855283715908	0
24285.0	0.0036043924906818455	0
24295.0	0.003500709435627887	0
24305.0	0.003398395656997014	0
24315.0	0.003297506808859862	0
24325.0	0.003198094907866086	0
24335.0	0.0031002083439725203	0
24345.0	0.003003891899323437	0
24355.0	0.0029091867749842857	0
24365.0	0.0028161306252136665	0
24375.0	0.0027247575989433953	0
24385.0	0.002635098388123243	0
24395.0	0.0025471802825754713	0
24405.0	0.002461027230994399	0
24415.0	0.0023766599077181074	0
24425.0	0.0022940957848928897	0
24435.0	0.0022133492096462117	0
24445.0	0.002134431485880642	0
24455.0	0.0020573509602995485	0
24465.0	0.0019821131122751442	0
24475.0	0.00190872064717071	0
24485.0	0.0018371735927315252	0
24495.0	0.0017674693981629967	0
24505.0	0.0016996030355197831	0
24515.0	0.0016335671030361894	0
24525.0	0.0015693519300357087	0
24535.0	0.001506945683066288	0
24545.0	0.0014463344729175242	0
24555.0	0.0013875024621865868	0
24565.0	0.0013304319730710263	0
24575.0	0.0012751035950787628	0
24585.0	0.0012214962923583544	0
24595.0	0.001169587510366007	0
24605.0	0.0011193532815996655	0
24615.0	0.0010707683301448521	0
24625.0	0.0010238061747915427	0
24635.0	0.000978439230496307	0
24645.0	0.0009346389079790676	0
24655.0	0.0008923757112590595	0
24665.0	0.0008516193329498931	0
24675.0	0.0008123387471489	0
24685.0	0.0007745022997711758	0
24695.0	0.0007380777961938113	0
24705.0	0.0007030325860906974	0
24715.0	0.0006693336453529513	0
24725.0	0.0006369476550043649	0
24735.0	0.0006058410770352924	0
24745.0	0.0005759802270920376	0
24755.0	0.0005473313439720217	0
24765.0	0.0005198606558877627	0
24775.0	0.0004935344434749846	0
24785.0	0.0004683190995319326	0
24795.0	0.00044418118548819456	0
24805.0	0.00042108748461199935	0
24815.0	0.00039900505197505725	0
24825.0	0.0003779012612035153	0
24835.0	0.0003577438480525152	0
24845.0	0.0003385009508501523	0
24855.0	0.0003201411478643432	0
24865.0	0.00030263349165320547	0
24875.0	0.00028594754046605797	0
24885.0	0.0002700533867680499	0
24895.0	0.00025492168296674	0
24905.0	0.0002405236644236765	0
24915.0	0.00022683116983820213	0
24925.0	0.00021381665909431317	0
24935.0	0.00020145322866448195	0
24945.0	0.00018971462466690613	0
24955.0	0.00017857525367470376	0
24965.0	0.00016801019137714545	0
24975.0	0.0001579951891941302	0
24985.0	0.00014850667894578988	0
24995.0	0.00013952177567936518	0
25005.0	0.0001310182787553692	0
25015.0	0.00012297467129455765	0
25025.0	0.00011537011808638155	0
25035.0	0.00010818446205843942	0
25045.0	0.0	0
25055.0	0.0	0
25065.0	0.0	0
25075.0	0.0	0
25085.0	0.0	0
25095.0	0.0	0
25105.0	0.0	0
25115.0	0.0	0
25125.0	0.0	0
25135.0	0.0	0
25145.0	0.0	0
25155.0	0.0	0
25165.0	0.0	0
25175.0	0.0	0
25185.0	0.0	0
25195.0	0.0	0
25205.0	0.0	0
25215.0	0.0	0
25225.0	0.0	0
25235.0	0.0	0
25245.0	0.0	0
25255.0	0.0	0
25265.0	0.0	0
25275.0	0.0	0
25285.0	0.0	0
25295.0	0.0	0
25305.0	0.0	0
25315.0	0.0	0
25325.0	0.0	0
25335.0	0.0	0
25345.0	0.0	0
25355.0	0.0	0
25365.0	0.0	0
25375.0	0.0	0
25385.0	0.0	0
25395.0	0.0	0
25405.0	0.0	0
25415.0	0.0	0
25425.0	0.0	0
25435.0	0.0	0
25445.0	0.0	0
25455.0	0.0	0
25465.0	0.0	0
25475.0	0.0	0
25485.0	0.0	0
25495.0	0.0	0
25505.0	0.0	0
25515.0	0.0	0
25525.0	0.0	0
25535.0	0.0	0
25545.0	0.0	0
25555.0	0.0	0
25565.0	0.0	0
25575.0	0.0	0
25585.0	0.0	0
25595.0	0.0	0
25605.0	0.0	0
25615.0	0.0	0
25625.0	0.0	0
25635.0	0.0	0
25645.0	0.0	0
25655.0	0.0	0
25665.0	0.0	0
25675.0	0.0	0
25685.0	0.0	0
25695.0	0.0	0
25705.0	0.0	0
25715.0	0.0	0
25725.0	0.0	0
25735.0	0.0	0
25745.0	0.0	0
25755.0	0.0	0
25765.0	0.0	0
25775.0	0.0	0
25785.0	0.0	0
25795.0	0.0	0
25805.0	0.0	0
25815.0	0.0	0
25825.0	0.0	0
25835.0	0.0	0
25845.0	0.0	0
25855.0	0.0	0
25865.0	0.0	0
25875.0	0.0	0
25885.0	0.0	0
25895.0	0.0	0
25905.0	0.0	0
25915.0	0.0	0
25925.0	0.0	0
25935.0	0.0	0
25945.0	0.0	0
25955.0	0.0	0
25965.0	0.0	0
25975.0	0.0	0
25985.0	0.0	0
25995.0	0.0	0
26005.0	0.0	0
26015.0	0.0	0
26025.0	0.0	0
26035.0	0.0	0
26045.0	0.0	0
26055.0	0.0	0
26065.0	0.0	0
26075.0	0.0	0
26085.0	0.0	0
26095.0	0.0	0
26105.0	0.0	0
26115.0	0.0	0
26125.0	0.0	0
26135.0	0.0	0
26145.0	0.0	0
26155.0	0.0	0
26165.0	0.0	0
26175.0	0.0	0
26185.0	0.0	0
26195.0	0.0	0
26205.0	0.0	0
26215.0	0.0	0
26225.0	0.0	0
26235.0	0.0	0
26245.0	0.0	0
26255.0	0.0	0
26265.0	0.0	0
26275.0	0.0	0
26285.0	0.0	0
26295.0	0.0	0
26305.0	0.0	0
26315.0	0.0	0
26325.0	0.0	0
26335.0	0.0	0
26345.0	0.0	0
26355.0	0.0	0
26365.0	0.0	0
26375.0	0.0	0
26385.0	0.0	0
26395.0	0.0	0
26405.0	0.0	0
26415.0	0.0	0
26425.0	0.0	0
26435.0	0.0	0
26445.0	0.0	0
26455.0	0.0	0
26465.0	0.0	0
26475.0	0.0	0
26485.0	0.0	0
26495.0	0.0	0
26505.0	0.0	0
26515.0	0.0	0
26525.0	0.0	0
26535.0	0.0	0
26545.0	0.0	0
26555.0	0.0	0
26565.0	0.0	0
26575.0	0.0	0
26585.0	0.0	0
26595.0	0.0	0
26605.0	0.0	0
26615.0	0.0	0
26625.0	0.0	0
26635.0	0.0	0
26645.0	0.0	0
26655.0	0.0	0
26665.0	0.0	0
26675.0	0.0	0
26685.0	0.0	0
26695.0	0.0	0
26705.0	0.0	0
26715.0	0.0	0
26725.0	0.0	0
26735.0	0.0	0
26745.0	0.0	0
26755.0	0.0	0
26765.0	0.0	0
26775.0	0.0	0
26785.0	0.0	0
26795.0	0.0	0
26805.0	0.0	0
26815.0	0.0	0
26825.0	0.0	0
26835.0	0.0	0
26845.0	0.0	0
26855.0	0.0	0
26865.0	0.0	0
26875.0	0.0	0
26885.0	0.0	0
26895.0	0.0	0
26905.0	0.0	0
26915.0	0.0	0
26925.0	0.0	0
26935.0	0.0	0
26945.0	0.0	0
26955.0	0.0	0
26965.0	0.0	0
26975.0	0.0	0
26985.0	0.0	0
26995.0	0.0	0
27005.0	0.0	0
27015.0	0.0	0
27025.0	0.0	0
27035.0	0.0	0
27045.0	0.0	0
27055.0	0.0	0
27065.0	0.0	0
27075.0	0.0	0
27085.0	0.0	0
27095.0	0.0	0
27105.0	0.0	0
27115.0	0.0	0
27125.0	0.0	0
27135.0	0.0	0
27145.0	0.0	0
27155.0	0.0	0
27165.0	0.0	0
27175.0	0.0	0
27185.0	0.0	0
27195.0	0.0	0
27205.0	0.0	0
27215.0	0.0	0
27225.0	0.0	0
27235.0	0.0	0
27245.0	0.0	0
27255.0	0.0	0
27265.0	0.0	0
27275.0	0.0	0
27285.0	0.0	0
27295.0	0.0	0
27305.0	0.0	0
27315.0	0.0	0
27325.0	0.0	0
27335.0	0.0	0
27345.0	0.0	0
27355.0	0.0	0
27365.0	0.0	0
27375.0	0.0	0
27385.0	0.0	0
27395.0	0.0	0
27405.0	0.0	0
27415.0	0.0	0
27425.0	0.0	0
27435.0	0.0	0
27445.0	0.0	0
27455.0	0.0	0
27465.0	0.0	0
27475.0	0.0	0
27485.0	0.0	0
27495.0	0.0	0
27505.0	0.0	0
27515.0	0.0	0
27525.0	0.0	0
27535.0	0.0	0
27545.0	0.0	0
27555.0	0.0	0
27565.0	0.0	0
27575.0	0.0	0
27585.0	0.0	0
27595.0	0.0	0
27605.0	0.0	0
27615.0	0.0	0
27625.0	0.0	0
27635.0	0.0	0
27645.0	0.0	0
27655.0	0.0	0
27665.0	0.0	0
27675.0	0.0	0
27685.0	0.0	0
27695.0	0.0	0
27705.0	0.0	0
27715.0	0.0	0
27725.0	0.0	0
27735.0	0.0	0
27745.0	0.0	0
27755.0	0.0	0
27765.0	0.0	0
27775.0	0.0	0
27785.0	0.0	0
27795.0	0.0	0
27805.0	0.0	0
27815.0	0.0	0
27825.0	0.0	0
27835.0	0.0	0
27845.0	0.0	0
27855.0	0.0	0
27865.0	0.0	0
27875.0	0.0	0
27885.0	0.0	0
27895.0	0.0	0
27905.0	0.0	0
27915.0	0.0	0
27925.0	0.0	0
27935.0	0.0	0
27945.0	0.0	0
27955.0	0.0	0
27965.0	0.0	0
27975.0	0.0	0
27985.0	0.0	0
27995.0	0.0	0
28005.0	0.0	0
28015.0	0.0	0
28025.0	0.0	0
28035.0	0.0	0
28045.0	0.0	0
28055.0	0.0	0
28065.0	0.0	0
28075.0	0.0	0
28085.0	0.0	0
28095.0	0.0	0
28105.0	0.0	0
28115.0	0.0	0
28125.0	0.0001288942509784656	0
28135.0	0.0001359397192463767	0
28145.0	0.00014332447988920315	0
28155.0	0.00015106211624493646	0
28165.0	0.0001591665998103204	0
28175.0	0.00016765229285739064	0
28185.0	0.00017653395054981715	0
28195.0	0.00018582672252805238	0
28205.0	0.00019554615393185205	0
28215.0	0.00020570818582835417	0
28225.0	0.0002163291550135891	0
28235.0	0.000227425793155044	0
28245.0	0.00023901522524272898	0
28255.0	0.0002511149673160953	0
28265.0	0.00026374292343413284	0
28275.0	0.0002769173818560434	0
28285.0	0.00029065701040003824	0
28295.0	0.000304980850948057	0
28305.0	0.0003199083130645466	0
28315.0	0.0003354591666978882	0
28325.0	0.00035165353393360203	0
28335.0	0.00036851187976912357	0
28345.0	0.00038605500188070864	0
28355.0	0.00040430401935390793	0
28365.0	0.0004232803603500513	0
28375.0	0.00044300574868230355	0
28385.0	0.00046350218927609227	0
28395.0	0.00048479195249007795	0
28405.0	0.0005068975572753286	0
28415.0	0.0005298417531519831	0
28425.0	0.0005536475009844364	0
28435.0	0.0005783379525379621	0
28445.0	0.0006039364288016979	0
28455.0	0.0006304663970650588	0
28465.0	0.0006579514467369167	0
28475.0	0.0006864152638992848	0
28485.0	0.0007158816045897719	0
28495.0	0.0007463742668097255	0
28505.0	0.000777917061257763	0
28515.0	0.0008105337807912869	0
28525.0	0.0008442481686215958	0
28535.0	0.0008790838852513344	0
28545.0	0.0009150644741662657	0
28555.0	0.0009522133262966901	0
28565.0	0.0009905536432672825	0
28575.0	0.0010301083994576534	0
28585.0	0.0010709003028995603	0
28595.0	0.0011129517550404022	0
28605.0	0.0011562848094064052	0
28615.0	0.001200921129202734	0
28625.0	0.0012468819438916723	0
28635.0	0.0012941880047939393	0
28645.0	0.0013428595397621968	0
28655.0	0.0013929162069797826	0
28665.0	0.0014443770479417445	0
28675.0	0.0014972604396792431	0
28685.0	0.0015515840462924206	0
28695.0	0.0016073647698608136	0
28705.0	0.0016646187008043428	0
28715.0	0.0017233610677718394	0
28725.0	0.0017836061871379027	0
28735.0	0.0018453674121926853	0
28745.0	0.0019086570821128816	0
28755.0	0.001973486470805811	0
28765.0	0.002039865735721956	0
28775.0	0.0021078038667346876	0
28785.0	0.0021773086351891077	0
28795.0	0.002248386543225033	0
28805.0	0.0023210427734819817	0
28815.0	0.002395281139296792	0
28825.0	0.0024711040355069563	0
28835.0	0.0025485123899750928	0
28845.0	0.002627505615952014	0
28855.0	0.002708081565397709	0
28865.0	0.0027902364833811196	0
28875.0	0.002873964963680919	0
28885.0	0.002959259905710533	0
28895.0	0.0030461124728913907	0
28905.0	0.003134512052598868	0
28915.0	0.003224446217805497	0
28925.0	0.0033159006905458728	0
28935.0	0.0034088593073271487	0
28945.0	0.0035033039866082206	0
28955.0	0.003599214698469464	0
28965.0	0.003696569436593405	0
28975.0	0.0037953441926747837	0
28985.0	0.0038955129333762485	0
28995.0	0.003997047579943292	0
29005.0	0.004099917990589066	0
29015.0	0.0042040919457564255	0
29025.0	0.004309535136360738	0
29035.0	0.0044162111551130515	0
29045.0	0.004524081491018674	0
29055.0	0.0046331055271415095	0
29065.0	0.004743240541719298	0
29075.0	0.0048544417127094255	0
29085.0	0.004966662125839154	0
29095.0	0.005079852786227951	0
29105.0	0.005193962633643092	0
29115.0	0.0053089385614429295	0
29125.0	0.005424725439255163	0
29135.0	0.005541266139429975	0
29145.0	0.005658501567300356	0
29155.0	0.005776370695273967	0
29165.0	0.005894810600772808	0
29175.0	0.006013756508028551	0
29185.0	0.006133141833732906	0
29195.0	0.006252898236533631	0
29205.0	0.006372955670357918	0
29215.0	0.006493242441535914	0
29225.0	0.006613685269687929	0
29235.0	0.006734209352329806	0
29245.0	0.006854738433141543	0
29255.0	0.00697519487383505	0
29265.0	0.007095499729547561	0
29275.0	0.00721557282767798	0
29285.0	0.007335332850074182	0
29295.0	0.007454697418470126	0
29305.0	0.007573583183062631	0
29315.0	0.0076919059141086175	0
29325.0	0.007809580596415024	0
29335.0	0.007926521526584834	0
29345.0	0.008042642412874472	0
29355.0	0.008157856477509532	0
29365.0	0.008272076561298075	0
29375.0	0.008385215230373095	0
29385.0	0.008497184884888572	0
29395.0	0.008607897869486594	0
29405.0	0.008717266585346559	0
29415.0	0.00882520360362132	0
29425.0	0.008931621780059485	0
29435.0	0.009036434370607733	0
29445.0	0.009139555147782362	0
29455.0	0.009240898517594864	0
29465.0	0.009340379636812517	0
29475.0	0.009437914530331803	0
29485.0	0.009533420208439584	0
29495.0	0.009626814783734816	0
29505.0	0.009718017587481956	0
29515.0	0.009806949285166105	0
29525.0	0.009893531991019451	0
29535.0	0.009977689381288667	0
29545.0	0.010059346806013574	0
29555.0	0.010138431399088758	0
29565.0	0.010214872186381558	0
29575.0	0.010288600191682443	0
29585.0	0.0103595485402668	0
29595.0	0.01042765255985085	0
29605.0	0.010492849878728637	0
29615.0	0.010555080520881844	0
29625.0	0.010614286997859644	0
29635.0	0.010670414397231636	0
29645.0	0.010723410467423547	0
29655.0	0.010773225698752224	0
29665.0	0.010819813400484119	0
29675.0	0.010863129773749407	0
29685.0	0.010903133980152357	0
29695.0	0.010939788205927552	0
29705.0	0.010973057721500876	0
29715.0	0.011002910936323941	0
29725.0	0.011029319448860786	0
29735.0	0.011052258091616111	0
29745.0	0.01107170497110512	0
29755.0	0.011087641502676137	0
29765.0	0.011100052440108416	0
29775.0	0.011108925899919185	0
29785.0	0.01111425338032573	0
29795.0	0.011116029774820029	0
29805.0	0.01111425338032573	0
29815.0	0.011108925899919185	0
29825.0	0.011100052440108416	0
29835.0	0.011087641502676137	0
29845.0	0.01107170497110512	0
29855.0	0.011052258091616111	0
29865.0	0.011029319448860786	0
29875.0	0.011002910936323941	0
29885.0	0.010973057721500876	0
29895.0	0.010939788205927552	0
29905.0	0.010903133980152357	0
29915.0	0.010863129773749407	0
29925.0	0.010819813400484119	0
29935.0	0.010773225698752224	0
29945.0	0.010723410467423547	0
29955.0	0.010670414397231636	0
29965.0	0.010614286997859644	0
29975.0	0.010555080520881844	0
29985.0	0.010492849878728637	0
