5.0	0.0	0
15.0	0.0	0
25.0	0.0	0
35.0	0.0	0
45.0	0.0	0
55.0	0.0	0
65.0	0.0	0
75.0	0.0	0
85.0	0.0	0
95.0	0.0	0
105.0	0.0	0
115.0	0.0	0
125.0	0.0	0
135.0	0.0	0
145.0	0.0	0
155.0	0.0	0
165.0	0.0	0
175.0	0.0	0
185.0	0.0	0
195.0	0.0	0
205.0	0.0	0
215.0	0.0	0
225.0	0.0	0
235.0	0.0	0
245.0	0.0	0
255.0	0.0	0
265.0	0.0	0
275.0	0.0	0
285.0	0.0	0
295.0	0.0	0
305.0	0.0	0
315.0	0.0	0
325.0	0.0	0
335.0	0.0	0
345.0	0.0	0
355.0	0.0	0
365.0	0.0	0
375.0	0.0	0
385.0	0.0	0
395.0	0.0	0
405.0	0.0	0
415.0	0.0	0
425.0	0.0	0
435.0	0.0	0
445.0	0.0	0
455.0	0.0	0
465.0	0.0	0
475.0	0.0	0
485.0	0.0	0
495.0	0.0	0
505.0	0.0	0
515.0	0.0	0
525.0	0.0	0
535.0	0.0	0
545.0	0.0	0
555.0	0.0	0
565.0	0.0	0
575.0	0.0	0
585.0	0.0	0
595.0	0.0	0
605.0	0.0	0
615.0	0.0	0
625.0	0.0	0
635.0	0.17210353059923386	0
645.0	0.4773656230598621	0
655.0	0.9388752964020732	0
665.0	1.628770536794075	0
675.0	2.6897407179906523	0
685.0	4.203657099355725	0
695.0	6.465597844575964	0
705.0	9.35946328572766	0
715.0	13.155734421424553	0
725.0	18.01377531314239	0
735.0	24.0195162590459	0
745.0	31.271735822222965	0
755.0	39.72239645064676	0
765.0	49.367885949098216	0
775.0	59.936586496783434	0
785.0	71.25893400550139	0
795.0	83.04319805218616	0
805.0	94.91452225932512	0
815.0	106.51767258094218	0
825.0	117.60538974130392	0
835.0	127.7054454403891	0
845.0	136.71032876638736	0
855.0	144.48964683979878	0
865.0	150.96878777407795	0
875.0	156.2146260162569	0
885.0	160.2826961224174	0
895.0	163.32776476291798	0
905.0	165.5104162447345	0
915.0	167.0193132358119	0
925.0	167.9660168335332	0
935.0	168.49580878166546	0
945.0	168.71909378466265	0
955.0	168.82277225901322	0
965.0	168.66319343819112	0
975.0	168.20581642429002	0
985.0	167.66796243496492	0
995.0	167.14262443176102	0
1005.0	166.58341313948105	0
1015.0	165.94603688495621	0
1025.0	165.28434765613554	0
1035.0	164.60062359992364	0
1045.0	164.1249354181549	0
1055.0	163.42704428267083	0
1065.0	162.76233676593304	0
1075.0	162.13272856103032	0
1085.0	161.62429479808355	0
1095.0	161.04677254646595	0
1105.0	160.4632207654222	0
1115.0	159.93601650865853	0
1125.0	159.3122751841228	0
1135.0	158.8134148156568	0
1145.0	158.26309953300034	0
1155.0	157.6550489160743	0
1165.0	157.08675096617824	0
1175.0	156.50769333772635	0
1185.0	155.99326389388023	0
1195.0	155.6201199486367	0
1205.0	155.0610003294058	0
1215.0	154.53274581766453	0
1225.0	154.1049977281087	0
1235.0	153.60435241454476	0
1245.0	153.16687677935278	0
1255.0	152.71855126365955	0
1265.0	152.33943864757373	0
1275.0	151.95869064897045	0
1285.0	151.58624363944028	0
1295.0	151.1916599436351	0
1305.0	150.83419452660797	0
1315.0	150.46755597827388	0
1325.0	150.06447057597504	0
1335.0	149.61820010183334	0
1345.0	149.31660484690326	0
1355.0	148.79096222110718	0
1365.0	148.2827061588997	0
1375.0	147.61852562624694	0
1385.0	146.9145343605442	0
1395.0	146.1117758046813	0
1405.0	145.2494783697122	0
1415.0	144.3334421252686	0
1425.0	143.40605342911672	0
1435.0	142.45417205565727	0
1445.0	141.4734836463262	0
1455.0	140.52879411198487	0
1465.0	139.5719027734228	0
1475.0	138.66568544379584	0
1485.0	137.82764392698522	0
1495.0	137.25827121170235	0
1505.0	136.68536664552255	0
1515.0	136.1589064505942	0
1525.0	135.72644459349527	0
1535.0	135.37900204044215	0
1545.0	135.15798473143002	0
1555.0	134.96249101634274	0
1565.0	134.85220037026303	0
1575.0	134.828139027767	0
1585.0	134.7937267320574	0
1595.0	134.8172961271425	0
1605.0	134.81402980054892	0
1615.0	134.80206044999628	0
1625.0	134.79024847779004	0
1635.0	134.73596605266107	0
1645.0	134.72733264714117	0
1655.0	134.7497656520823	0
1665.0	134.60195207752116	0
1675.0	134.43622596623152	0
1685.0	134.2287677417642	0
1695.0	134.00531986914422	0
1705.0	133.73491680072212	0
1715.0	133.45961437051565	0
1725.0	133.1601860369401	0
1735.0	132.85669237079622	0
1745.0	132.53495369759128	0
1755.0	132.1987082380671	0
1765.0	131.86244279899583	0
1775.0	131.5269570597896	0
1785.0	131.18189199209786	0
1795.0	130.90735245409635	0
1805.0	130.58262819023545	0
1815.0	130.39131345677646	0
1825.0	130.0970498371177	0
1835.0	129.84030548790093	0
1845.0	129.61027241608488	0
1855.0	129.4095052961252	0
1865.0	129.24380379093887	0
1875.0	129.09978973512122	0
1885.0	128.9734056750543	0
1895.0	128.86761231874445	0
1905.0	128.82044440854222	0
1915.0	128.75953979417545	0
1925.0	128.72364733893758	0
1935.0	128.7048335495311	0
1945.0	128.71455092979997	0
1955.0	128.62520318998367	0
1965.0	128.55772168119512	0
1975.0	128.5756584730231	0
1985.0	128.4528027505188	0
1995.0	128.31643393470637	0
2005.0	128.14958337155863	0
2015.0	127.96021172046896	0
2025.0	127.77087663306119	0
2035.0	127.54417129998677	0
2045.0	127.32732982122202	0
2055.0	127.08169251570371	0
2065.0	126.84570280565855	0
2075.0	126.60748066942811	0
2085.0	126.35351171279062	0
2095.0	126.20795548713566	0
2105.0	125.99581495301595	0
2115.0	125.80463647447158	0
2125.0	125.62857586700122	0
2135.0	125.55823772682106	0
2145.0	125.40927579214514	0
2155.0	125.26973551114226	0
2165.0	125.14427064771769	0
2175.0	125.02768932578384	0
2185.0	124.93685865099413	0
2195.0	124.8411561737196	0
2205.0	124.76780846002404	0
2215.0	124.70723108225289	0
2225.0	124.66565972658576	0
2235.0	124.59636542863022	0
2245.0	124.55244661863519	0
2255.0	124.57686930019317	0
2265.0	124.56106250262772	0
2275.0	124.53042939631713	0
2285.0	124.50332863073348	0
2295.0	124.5025863022415	0
2305.0	124.59624313819775	0
2315.0	124.5878275370967	0
2325.0	124.57778699236579	0
2335.0	124.5548346227106	0
2345.0	124.50572013264663	0
2355.0	124.47930371579224	0
2365.0	124.41362135254975	0
2375.0	124.33070140658508	0
2385.0	124.23975167997455	0
2395.0	124.11333582281215	0
2405.0	123.9950635415994	0
2415.0	123.87762873774633	0
2425.0	123.67586680227754	0
2435.0	123.4732958001817	0
2445.0	123.27333408876127	0
2455.0	123.03051469204284	0
2465.0	122.78244859233459	0
2475.0	122.60406334351481	0
2485.0	122.31447795366122	0
2495.0	122.01852482421764	0
2505.0	121.71828247358691	0
2515.0	121.41357555398503	0
2525.0	121.11796089478189	0
2535.0	120.81151078430473	0
2545.0	120.51864757760347	0
2555.0	120.23599595853845	0
2565.0	120.00208606434899	0
2575.0	119.7477074442739	0
2585.0	119.46699793535059	0
2595.0	119.23264499739565	0
2605.0	119.0258623859816	0
2615.0	118.81943200565358	0
2625.0	118.64682033971661	0
2635.0	118.46044602493686	0
2645.0	118.37730050398184	0
2655.0	118.21021189156231	0
2665.0	118.04420262286328	0
2675.0	117.87410987248848	0
2685.0	117.72472055826381	0
2695.0	117.58677497786115	0
2705.0	117.40965436637144	0
2715.0	117.23200250368376	0
2725.0	117.10905219289599	0
2735.0	116.9428371681116	0
2745.0	116.74582511726008	0
2755.0	116.55719449014698	0
2765.0	116.34843316198328	0
2775.0	116.14464418117736	0
2785.0	115.9243760322981	0
2795.0	115.75064056283873	0
2805.0	115.56929568935826	0
2815.0	115.41380976166974	0
2825.0	115.34432348930477	0
2835.0	115.202366203696	0
2845.0	115.08158128527205	0
2855.0	114.99003303992836	0
2865.0	114.91395586719042	0
2875.0	114.87864274390931	0
2885.0	114.87339163707733	0
2895.0	114.86324657496107	0
2905.0	114.85355321181918	0
2915.0	114.86208139503329	0
2925.0	114.89016004296865	0
2935.0	114.90114150837415	0
2945.0	114.92509340037631	0
2955.0	114.93147835812033	0
2965.0	114.94376614373286	0
2975.0	114.94602602349372	0
2985.0	114.92163660539101	0
2995.0	114.9054554422421	0
3005.0	114.94082352116172	0
3015.0	114.89626113574556	0
3025.0	114.84777086559959	0
3035.0	114.76833648112871	0
3045.0	114.68153824866893	0
3055.0	114.63288845246052	0
3065.0	114.55157410934278	0
3075.0	114.44849616915766	0
3085.0	114.36605306524419	0
3095.0	114.27244022456732	0
3105.0	114.1795491792218	0
3115.0	114.09593652302522	0
3125.0	114.01053575702053	0
3135.0	113.93984032414566	0
3145.0	113.84930826725102	0
3155.0	113.78019470190978	0
3165.0	113.69868316822081	0
3175.0	113.69086856020336	0
3185.0	113.61643752474158	0
3195.0	113.55167830674684	0
3205.0	113.48350930937298	0
3215.0	113.45206857523773	0
3225.0	113.37096491711408	0
3235.0	113.27809019541833	0
3245.0	113.174735611567	0
3255.0	113.06225539757759	0
3265.0	112.94153557658846	0
3275.0	112.82719673585909	0
3285.0	112.71598890040778	0
3295.0	112.59907153826389	0
3305.0	112.46744758520644	0
3315.0	112.31887210132706	0
3325.0	112.21644129246539	0
3335.0	112.11867307655882	0
3345.0	111.98659931203946	0
3355.0	111.94355156400725	0
3365.0	111.85710143758256	0
3375.0	111.77645675243106	0
3385.0	111.76287938556409	0
3395.0	111.72132710468641	0
3405.0	111.69599705221317	0
3415.0	111.66053323671036	0
3425.0	111.65629850144775	0
3435.0	111.6555012218871	0
3445.0	111.67057615273127	0
3455.0	111.68611127047762	0
3465.0	111.70000553675338	0
3475.0	111.73448109438515	0
3485.0	111.77684761907022	0
3495.0	111.81941133156914	0
3505.0	111.85268079989416	0
3515.0	111.87206619051246	0
3525.0	111.90575049200407	0
3535.0	111.98107348163965	0
3545.0	112.02111035424512	0
3555.0	112.01123830506538	0
3565.0	111.99709954063898	0
3575.0	111.96977137726684	0
3585.0	111.9047876637036	0
3595.0	111.84144744236015	0
3605.0	111.76881169032363	0
3615.0	111.67927494622973	0
3625.0	111.56206253133695	0
3635.0	111.45028843110136	0
3645.0	111.31703372427232	0
3655.0	111.17561052645334	0
3665.0	111.02931962181168	0
3675.0	110.86373154296112	0
3685.0	110.69668614982653	0
3695.0	110.53039573406986	0
3705.0	110.35379341288487	0
3715.0	110.22073926177215	0
3725.0	110.10191491529181	0
3735.0	109.925610185084	0
3745.0	109.73889508998693	0
3755.0	109.57172219678844	0
3765.0	109.39909660268611	0
3775.0	109.21808762262391	0
3785.0	109.03670465383291	0
3795.0	108.86140521043488	0
3805.0	108.69147348727206	0
3815.0	108.51906852321517	0
3825.0	108.35626676587304	0
3835.0	108.19158509419482	0
3845.0	108.04163211625632	0
3855.0	107.87303721453587	0
3865.0	107.71603480380176	0
3875.0	107.55458153940535	0
3885.0	107.42795007416353	0
3895.0	107.27314110937415	0
3905.0	107.18497181169728	0
3915.0	107.05350882602515	0
3925.0	106.92692002868003	0
3935.0	106.80371163534943	0
3945.0	106.69507169439791	0
3955.0	106.59552370410078	0
3965.0	106.49633780043585	0
3975.0	106.41709240111234	0
3985.0	106.3529254012089	0
3995.0	106.28507133579764	0
4005.0	106.23931088084699	0
4015.0	106.2057559819444	0
4025.0	106.18251419071265	0
4035.0	106.16760408646779	0
4045.0	106.1783376224063	0
4055.0	106.23010710025538	0
4065.0	106.25191811034676	0
4075.0	106.25900856191427	0
4085.0	106.29373684611878	0
4095.0	106.3762628908601	0
4105.0	106.41548535774618	0
4115.0	106.47078642626957	0
4125.0	106.51779358495345	0
4135.0	106.58676345438052	0
4145.0	106.64658070013662	0
4155.0	106.69925269197633	0
4165.0	106.76700590677576	0
4175.0	106.83221678437528	0
4185.0	106.90696336335562	0
4195.0	106.984504850405	0
4205.0	107.06627138860678	0
4215.0	107.14571939685499	0
4225.0	107.27004067707708	0
4235.0	107.34720641956918	0
4245.0	107.43832709429363	0
4255.0	107.54851728727083	0
4265.0	107.65703403218431	0
4275.0	107.82060461876529	0
4285.0	107.92896140448093	0
4295.0	108.05452700726289	0
4305.0	108.17022717424904	0
4315.0	108.28301579949738	0
4325.0	108.41712073220314	0
4335.0	108.53210803102647	0
4345.0	108.64863381017246	0
4355.0	108.74724287245547	0
4365.0	108.86710846052009	0
4375.0	108.95608270642168	0
4385.0	109.04485663956696	0
4395.0	109.16356619376621	0
4405.0	109.23265745322094	0
4415.0	109.30239051116857	0
4425.0	109.35420482013795	0
4435.0	109.40373242547129	0
4445.0	109.439439614161	0
4455.0	109.46211904284948	0
4465.0	109.53251772341572	0
4475.0	109.52740133945763	0
4485.0	109.5285839281273	0
4495.0	109.51528635094613	0
4505.0	109.50911227785974	0
4515.0	109.48631696176507	0
4525.0	109.47674512470493	0
4535.0	109.45137351758899	0
4545.0	109.44487258282238	0
4555.0	109.42922156997152	0
4565.0	109.44761083392768	0
4575.0	109.42945406367845	0
4585.0	109.42301018527365	0
4595.0	109.42317411962489	0
4605.0	109.4269626381792	0
4615.0	109.4504982955055	0
4625.0	109.468109678292	0
4635.0	109.49590268286032	0
4645.0	109.54106928416007	0
4655.0	109.61586757651432	0
4665.0	109.65928511320321	0
4675.0	109.70755380175645	0
4685.0	109.76332618175995	0
4695.0	109.8105425778535	0
4705.0	109.85715650749478	0
4715.0	109.90647058417464	0
4725.0	109.94658920984861	0
4735.0	109.98101360455517	0
4745.0	110.05593661604341	0
4755.0	110.08236602089991	0
4765.0	110.10338181718879	0
4775.0	110.13032109614947	0
4785.0	110.13372230167253	0
4795.0	110.14130702290628	0
4805.0	110.14105038295435	0
4815.0	110.13061094796666	0
4825.0	110.10506720062946	0
4835.0	110.07789281063192	0
4845.0	110.08776413620696	0
4855.0	110.03459414412006	0
4865.0	109.98254577131006	0
4875.0	109.93382408457921	0
4885.0	109.86765269071641	0
4895.0	109.79946590650668	0
4905.0	109.70805668756127	0
4915.0	109.65629057920701	0
4925.0	109.57878322241987	0
4935.0	109.49898233083587	0
4945.0	109.40568293231784	0
4955.0	109.32476017938843	0
4965.0	109.22869142719173	0
4975.0	109.14509219455552	0
4985.0	109.04036600121135	0
4995.0	108.93052398438034	0
5005.0	108.82620789116945	0
5015.0	108.71945265232655	0
5025.0	108.61492735519289	0
5035.0	108.55813751027138	0
5045.0	108.44839033148368	0
5055.0	108.35021003197393	0
5065.0	108.24336388154907	0
5075.0	108.1244333917637	0
5085.0	108.02249848788676	0
5095.0	107.91601137546459	0
5105.0	107.81126805440951	0
5115.0	107.67810346151963	0
5125.0	107.55314420957957	0
5135.0	107.43212036697913	0
5145.0	107.29896892934873	0
5155.0	107.17221900653172	0
5165.0	107.04918020475742	0
5175.0	106.93056266452778	0
5185.0	106.7919371920834	0
5195.0	106.67371724903991	0
5205.0	106.54221009838754	0
5215.0	106.4197345542424	0
5225.0	106.34159368641122	0
5235.0	106.20923925199679	0
5245.0	106.09136881095135	0
5255.0	105.98002121973892	0
5265.0	105.90641564931691	0
5275.0	105.79629882854333	0
5285.0	105.69773656868657	0
5295.0	105.61645025656311	0
5305.0	105.52025427349989	0
5315.0	105.45496557092856	0
5325.0	105.38050150472081	0
5335.0	105.32279799876379	0
5345.0	105.271545175164	0
5355.0	105.21373451827567	0
5365.0	105.15303961831323	0
5375.0	105.11345983852239	0
5385.0	105.08641093072248	0
5395.0	105.05532232342091	0
5405.0	105.02233014580491	0
5415.0	105.04534064623918	0
5425.0	105.03000538084065	0
5435.0	105.0217355737856	0
5445.0	105.03419897562449	0
5455.0	105.02585267160183	0
5465.0	105.00883669350394	0
5475.0	104.9983160178957	0
5485.0	104.9900752623601	0
5495.0	104.98422102938353	0
5505.0	104.97202113920476	0
5515.0	104.97875188973262	0
5525.0	104.96642870554123	0
5535.0	104.9578343120168	0
5545.0	104.95315561566507	0
5555.0	104.95539556810938	0
5565.0	104.94506488180679	0
5575.0	104.95009977404298	0
5585.0	104.94848215814524	0
5595.0	104.95165826588567	0
5605.0	104.95282250836476	0
5615.0	105.0178484997402	0
5625.0	105.00949867731855	0
5635.0	105.01515435555024	0
5645.0	105.0121878834764	0
5655.0	105.01423652571451	0
5665.0	105.0130578122753	0
5675.0	105.01261549393064	0
5685.0	105.0088959151818	0
5695.0	105.00446054479085	0
5705.0	105.00614122782548	0
5715.0	104.99965716529066	0
5725.0	104.99674401453065	0
5735.0	104.98863306371565	0
5745.0	104.96538293038822	0
5755.0	104.94911699959556	0
5765.0	104.93032834481185	0
5775.0	104.90613596183047	0
5785.0	104.88115900512614	0
5795.0	104.86163868095392	0
5805.0	104.85404523001715	0
5815.0	104.80985695742254	0
5825.0	104.75305560531778	0
5835.0	104.6933358775303	0
5845.0	104.6339305891021	0
5855.0	104.55584416804157	0
5865.0	104.47343046244012	0
5875.0	104.37853713298534	0
5885.0	104.28570319719225	0
5895.0	104.18739460416198	0
5905.0	104.07561903750081	0
5915.0	103.97182779493642	0
5925.0	103.85945051626994	0
5935.0	103.7271852212763	0
5945.0	103.59618772963408	0
5955.0	103.46379832455143	0
5965.0	103.32826132258185	0
5975.0	103.22964902370721	0
5985.0	103.07901143212605	0
5995.0	102.93767697330587	0
6005.0	102.82315318047361	0
6015.0	102.67527889148661	0
6025.0	102.51072128863643	0
6035.0	102.35747772864762	0
6045.0	102.20194173859568	0
6055.0	102.03311650352738	0
6065.0	101.87616573249777	0
6075.0	101.71528886772586	0
6085.0	101.5399289576854	0
6095.0	101.3780665384595	0
6105.0	101.20859452878409	0
6115.0	101.03680513881635	0
6125.0	100.8716959397496	0
6135.0	100.70870935384727	0
6145.0	100.5422924640755	0
6155.0	100.41056144665015	0
6165.0	100.25113584217978	0
6175.0	100.0890824730549	0
6185.0	99.9315963830823	0
6195.0	99.80729696704563	0
6205.0	99.65175109844418	0
6215.0	99.50069214291382	0
6225.0	99.3442833468624	0
6235.0	99.20149492470465	0
6245.0	99.05535333986738	0
6255.0	98.90960085789558	0
6265.0	98.76271227266521	0
6275.0	98.61760810186456	0
6285.0	98.46326694138557	0
6295.0	98.32556206892903	0
6305.0	98.1833358608004	0
6315.0	98.0364204166426	0
6325.0	97.88035243009315	0
6335.0	97.74892155118994	0
6345.0	97.59296680799024	0
6355.0	97.42928359779106	0
6365.0	97.26775592134135	0
6375.0	97.09650502641378	0
6385.0	96.92870903677483	0
6395.0	96.78222314095945	0
6405.0	96.59336316409217	0
6415.0	96.40034030534243	0
6425.0	96.20504318901358	0
6435.0	96.00835020556691	0
6445.0	95.79117602385283	0
6455.0	95.57411467046659	0
6465.0	95.34389061640549	0
6475.0	95.10889684216964	0
6485.0	94.87482639177188	0
6495.0	94.6267409662488	0
6505.0	94.37354979360195	0
6515.0	94.13517274025482	0
6525.0	93.88458433098903	0
6535.0	93.61287408093315	0
6545.0	93.35224336714835	0
6555.0	93.07191094612534	0
6565.0	92.80306885069177	0
6575.0	92.5307426202907	0
6585.0	92.29133919615462	0
6595.0	92.02095161020038	0
6605.0	91.75124373496526	0
6615.0	91.47704809585116	0
6625.0	91.21995498593888	0
6635.0	90.96089303014978	0
6645.0	90.71042688993644	0
6655.0	90.44707353806622	0
6665.0	90.20830102545386	0
6675.0	89.97171497519473	0
6685.0	89.73981740305803	0
6695.0	89.53444562951223	0
6705.0	89.31015534061724	0
6715.0	89.10566552184062	0
6725.0	88.89967316007603	0
6735.0	88.71077281459851	0
6745.0	88.52216904501924	0
6755.0	88.34749790065892	0
6765.0	88.18288810499807	0
6775.0	88.02521775834389	0
6785.0	87.90280154987494	0
6795.0	87.76214274227742	0
6805.0	87.63125968921084	0
6815.0	87.4973373815119	0
6825.0	87.38247645229465	0
6835.0	87.26881228736454	0
6845.0	87.16665199576734	0
6855.0	87.07387038759138	0
6865.0	86.98555893889238	0
6875.0	86.93655218940584	0
6885.0	86.86845813860593	0
6895.0	86.79937590219717	0
6905.0	86.73923797934815	0
6915.0	86.67304387362604	0
6925.0	86.61103665527446	0
6935.0	86.55365001820908	0
6945.0	86.50097847207824	0
6955.0	86.45234194068641	0
6965.0	86.39883613194228	0
6975.0	86.34260541856082	0
6985.0	86.32867771275035	0
6995.0	86.28285011815466	0
7005.0	86.23425958638785	0
7015.0	86.1899163202915	0
7025.0	86.13746529765729	0
7035.0	86.08114417929164	0
7045.0	86.01563521571934	0
7055.0	85.97038719053245	0
7065.0	85.90491194160512	0
7075.0	85.8358824299705	0
7085.0	85.75548893857699	0
7095.0	85.67360525518596	0
7105.0	85.58386524654047	0
7115.0	85.48760443255132	0
7125.0	85.39289405653678	0
7135.0	85.29132110913804	0
7145.0	85.18974236720979	0
7155.0	85.08369703470632	0
7165.0	84.9740927736016	0
7175.0	84.85974999037897	0
7185.0	84.76419576204977	0
7195.0	84.63700680307635	0
7205.0	84.5175455143504	0
7215.0	84.3942668744376	0
7225.0	84.26748994512	0
7235.0	84.16434117840168	0
7245.0	84.03684052728451	0
7255.0	83.91541046388889	0
7265.0	83.79870373293431	0
7275.0	83.67730008537715	0
7285.0	83.56024122217502	0
7295.0	83.44149231955903	0
7305.0	83.33498576122321	0
7315.0	83.22838226023349	0
7325.0	83.12092243184595	0
7335.0	83.0163115921708	0
7345.0	82.91881958236773	0
7355.0	82.82812079282326	0
7365.0	82.7285851518997	0
7375.0	82.64045708922613	0
7385.0	82.57646996949673	0
7395.0	82.4909178842338	0
7405.0	82.41063184188845	0
7415.0	82.34941098904164	0
7425.0	82.26538799573353	0
7435.0	82.18374928658842	0
7445.0	82.09791306429261	0
7455.0	82.0138592859315	0
7465.0	81.92519901840707	0
7475.0	81.84207928691558	0
7485.0	81.74885954947418	0
7495.0	81.65348080682908	0
7505.0	81.55935695604664	0
7515.0	81.4601668247324	0
7525.0	81.35829738474187	0
7535.0	81.24643546343914	0
7545.0	81.13208277301784	0
7555.0	81.0175295646933	0
7565.0	80.89677395564257	0
7575.0	80.77556452659562	0
7585.0	80.67088348020603	0
7595.0	80.56289500572181	0
7605.0	80.42292825903291	0
7615.0	80.28982912273952	0
7625.0	80.14769369901131	0
7635.0	80.01046390287112	0
7645.0	79.8626994748832	0
7655.0	79.71291918466956	0
7665.0	79.55801542351634	0
7675.0	79.40475386334158	0
7685.0	79.2523261270404	0
7695.0	79.09875036948694	0
7705.0	78.94290466653872	0
7715.0	78.79883756088441	0
7725.0	78.64924373117093	0
7735.0	78.50628459729977	0
7745.0	78.36037519860884	0
7755.0	78.21529440497223	0
7765.0	78.07935203565485	0
7775.0	77.96238252549183	0
7785.0	77.85700093630032	0
7795.0	77.72922316912151	0
7805.0	77.60559766310132	0
7815.0	77.48840495912151	0
7825.0	77.37504123046945	0
7835.0	77.26683301015689	0
7845.0	77.16082555200246	0
7855.0	77.07009982308816	0
7865.0	76.97726676998414	0
7875.0	76.89157815559403	0
7885.0	76.81779759250284	0
7895.0	76.74121864354422	0
7905.0	76.66076383765389	0
7915.0	76.5957447986386	0
7925.0	76.52855066698413	0
7935.0	76.47095769120163	0
7945.0	76.41325014956789	0
7955.0	76.36015475357537	0
7965.0	76.32702445475304	0
7975.0	76.2729929678475	0
7985.0	76.24783733304545	0
7995.0	76.19924441930135	0
8005.0	76.15124814273103	0
8015.0	76.11549503168841	0
8025.0	76.07313017398505	0
8035.0	76.03015006995184	0
8045.0	75.99303046502422	0
8055.0	75.95932286136006	0
8065.0	75.92158410455565	0
8075.0	75.88759396868504	0
8085.0	75.85330274582664	0
8095.0	75.81448533035966	0
8105.0	75.78174728165071	0
8115.0	75.74671639556526	0
8125.0	75.72003075828405	0
8135.0	75.684107171906	0
8145.0	75.66603064878088	0
8155.0	75.63640940815111	0
8165.0	75.60593796727909	0
8175.0	75.57579053822582	0
8185.0	75.57170745298686	0
8195.0	75.54403641809458	0
8205.0	75.5091925260129	0
8215.0	75.47762658446167	0
8225.0	75.44913289865316	0
8235.0	75.4163515085825	0
8245.0	75.38596299563613	0
8255.0	75.35335768144195	0
8265.0	75.31842552808259	0
8275.0	75.27900420648913	0
8285.0	75.23492633353163	0
8295.0	75.19312221759488	0
8305.0	75.14750877399958	0
8315.0	75.10271736509677	0
8325.0	75.07458305833438	0
8335.0	75.0236067851087	0
8345.0	74.96421074693136	0
8355.0	74.90132045929965	0
8365.0	74.84225934787978	0
8375.0	74.77258746388046	0
8385.0	74.72180144748889	0
8395.0	74.64625151110604	0
8405.0	74.56404982906287	0
8415.0	74.47628006860695	0
8425.0	74.38520278517363	0
8435.0	74.28831303180262	0
8445.0	74.18872150716965	0
8455.0	74.08226048999873	0
8465.0	73.96818834728349	0
8475.0	73.85299497648018	0
8485.0	73.73695642411523	0
8495.0	73.61238082240587	0
8505.0	73.48134431358535	0
8515.0	73.36541973042262	0
8525.0	73.23090460898932	0
8535.0	73.08888427397642	0
8545.0	72.94987609436636	0
8555.0	72.80717151278722	0
8565.0	72.66097247387447	0
8575.0	72.51372514882745	0
8585.0	72.38881504616461	0
8595.0	72.24564581508385	0
8605.0	72.104791911921	0
8615.0	71.96279431464602	0
8625.0	71.81781718049827	0
8635.0	71.68054099733777	0
8645.0	71.54415599617427	0
8655.0	71.40325752616387	0
8665.0	71.26981605733751	0
8675.0	71.1404429408262	0
8685.0	71.01413958115906	0
8695.0	70.90250082960108	0
8705.0	70.78396391418248	0
8715.0	70.66959307857914	0
8725.0	70.56102396176675	0
8735.0	70.45967038225113	0
8745.0	70.34863486216524	0
8755.0	70.23631039937797	0
8765.0	70.13340699858796	0
8775.0	70.02747536748988	0
8785.0	69.94521514774308	0
8795.0	69.8427219391484	0
8805.0	69.74490064323778	0
8815.0	69.64595291017692	0
8825.0	69.5458683116768	0
8835.0	69.44448856027219	0
8845.0	69.34682738769963	0
8855.0	69.24320526723709	0
8865.0	69.1417765817264	0
8875.0	69.03048576507105	0
8885.0	68.91253077841341	0
8895.0	68.78912521237011	0
8905.0	68.65948455648247	0
8915.0	68.51742220080776	0
8925.0	68.36632137056927	0
8935.0	68.20506992523022	0
8945.0	68.03449223757674	0
8955.0	67.84993137452058	0
8965.0	67.64911583571582	0
8975.0	67.42786540545245	0
8985.0	67.20970988608953	0
8995.0	66.95414295912052	0
9005.0	66.67670861866141	0
9015.0	66.3816502160793	0
9025.0	66.06163576252838	0
9035.0	65.71480202800436	0
9045.0	65.34754640333722	0
9055.0	64.95037247964086	0
9065.0	64.52537150679993	0
9075.0	64.06992771302362	0
9085.0	63.58516298696953	0
9095.0	63.07202681562134	0
9105.0	62.52332101561589	0
9115.0	61.946439932094876	0
9125.0	61.346257957683505	0
9135.0	60.70572405618666	0
9145.0	60.02990350591125	0
9155.0	59.31944593048598	0
9165.0	58.57624197626168	0
9175.0	57.797387142680186	0
9185.0	56.98764716856357	0
9195.0	56.16389234419896	0
9205.0	55.29018361609741	0
9215.0	54.38347335153232	0
9225.0	53.44294128254897	0
9235.0	52.4720681131874	0
9245.0	51.472402390854796	0
9255.0	50.436854988514796	0
9265.0	49.37925271353045	0
9275.0	48.295797556069665	0
9285.0	47.18731677014622	0
9295.0	46.05233206262889	0
9305.0	44.89609920716345	0
9315.0	43.71871185065066	0
9325.0	42.524800518308304	0
9335.0	41.323514021020515	0
9345.0	40.10194079696596	0
9355.0	38.87261526692883	0
9365.0	37.63230904859189	0
9375.0	36.38767198303826	0
9385.0	35.138579677859745	0
9395.0	33.90628834701836	0
9405.0	32.66328674661882	0
9415.0	31.42105440700075	0
9425.0	30.18398121589381	0
9435.0	28.955544794607466	0
9445.0	27.736429417374257	0
9455.0	26.534030124775967	0
9465.0	25.35110263526812	0
9475.0	24.181576476625555	0
9485.0	23.03408985877622	0
9495.0	21.9105562137221	0
9505.0	20.81072550780981	0
9515.0	19.73376278628292	0
9525.0	18.68540632488534	0
9535.0	17.664762407884773	0
9545.0	16.67360284170855	0
9555.0	15.712080234619364	0
9565.0	14.781473474981627	0
9575.0	13.885946899985822	0
9585.0	13.02170361478678	0
9595.0	12.209921137435417	0
9605.0	11.415343768921456	0
9615.0	10.654177249946613	0
9625.0	9.927982173461094	0
9635.0	9.236734783005069	0
9645.0	8.574492289272978	0
9655.0	7.949411741442894	0
9665.0	7.353395432575128	0
9675.0	6.792633075836529	0
9685.0	6.266748495617683	0
9695.0	5.76441593463482	0
9705.0	5.29299082849121	0
9715.0	4.851007958992858	0
9725.0	4.439035066506951	0
9735.0	4.054247918495892	0
9745.0	3.6946701881863575	0
9755.0	3.3618415511017243	0
9765.0	3.0519075567970817	0
9775.0	2.76176998369874	0
9785.0	2.497897020114258	0
9795.0	2.2494463966485205	0
9805.0	2.039093280160838	0
9815.0	1.8307444725127329	0
9825.0	1.6397557759776369	0
9835.0	1.46838677054138	0
9845.0	1.3073914219729255	0
9855.0	1.162754992034255	0
9865.0	1.026150099041618	0
9875.0	0.9049500852150744	0
9885.0	0.7959439834692866	0
9895.0	0.6940484477633454	0
9905.0	0.6021099213385688	0
9915.0	0.5215137856672529	0
9925.0	0.45146183257190303	0
9935.0	0.3865371720367639	0
9945.0	0.3308358109888163	0
9955.0	0.2803206651268978	0
9965.0	0.23431693609630924	0
9975.0	0.19493615985398965	0
9985.0	0.15922493097461612	0
9995.0	0.12753522044702706	0
10005.0	0.1138615857780396	0
10015.0	0.08975676556722818	0
10025.0	0.0689094307360516	0
10035.0	0.04912720375255574	0
10045.0	0.030515755172384605	0
10055.0	0.015655657767320058	0
10065.0	0.012903612543749929	0
10075.0	0.01350720574666577	0
10085.0	0.014117879705686537	0
10095.0	0.014734243359528445	0
10105.0	0.015354841233123966	0
10115.0	0.015978160099507147	0
10125.0	0.016602636141537147	0
10135.0	0.017226662547403054	0
10145.0	0.017848597468589474	0
10155.0	0.01846677226481828	0
10165.0	0.01907949995750097	0
10175.0	0.019887730139321342	0
10185.0	0.020510141156996415	0
10195.0	0.021124848699769723	0
10205.0	0.02173043186254933	0
10215.0	0.022325509277955125	0
10225.0	0.022908747168981905	0
10235.0	0.02347886695003444	0
10245.0	0.024034652303397304	0
10255.0	0.024574955665363857	0
10265.0	0.025098704064225454	0
10275.0	0.025604904260959568	0
10285.0	0.02609264715259372	0
10295.0	0.02656111140769084	0
10305.0	0.02700956631303142	0
10315.0	0.02743737382018959	0
10325.0	0.027843989790152505	0
10335.0	0.028228964443261534	0
10345.0	0.028591942030421955	0
10355.0	0.028932659749610998	0
10365.0	0.029250945939108777	0
10375.0	0.029726129440899036	0
10385.0	0.03002204601362129	0
10395.0	0.03029803305566535	0
10405.0	0.030554478138156305	0
10415.0	0.030791855673052197	0
10425.0	0.03101072184110652	0
10435.0	0.031211709046642663	0
10445.0	0.031395519946592614	0
10455.0	0.03156292110113426	0
10465.0	0.03171473629269632	0
10475.0	0.031851839559193094	0
10485.0	0.03197514798621058	0
10495.0	0.032085614301596226	0
10505.0	0.0321842193146076	0
10515.0	0.032271964240540546	0
10525.0	0.0323498629506656	0
10535.0	0.032418934186414554	0
10545.0	0.03248019377612772	0
10555.0	0.032732089635266054	0
10565.0	0.0328050245305693	0
10575.0	0.03287570411158282	0
10585.0	0.03294528311413137	0
10595.0	0.03301488915179532	0
10605.0	0.03308561576265165	0
10615.0	0.033158515623157116	0
10625.0	0.03323459395939141	0
10635.0	0.03331480218671109	0
10645.0	0.03340003180965709	0
10655.0	0.033491108614629714	0
10665.0	0.033588787188311243	0
10675.0	0.033693745795004296	0
10685.0	0.03380658164589243	0
10695.0	0.03392780659266078	0
10705.0	0.03405784327689043	0
10715.0	0.03419702176512807	0
10725.0	0.03434557669751349	0
10735.0	0.034503644975318826	0
10745.0	0.03467126400972846	0
10755.0	0.03484837055069463	0
10765.0	0.03503480011078494	0
10775.0	0.035230286994649654	0
10785.0	0.03543446494014556	0
10795.0	0.03564686837233771	0
10805.0	0.035866934266641386	0
10815.0	0.03609400461235482	0
10825.0	0.03632732946285519	0
10835.0	0.0365660705538766	0
10845.0	0.03680930546664271	0
10855.0	0.037056032308267484	0
10865.0	0.037305174877835454	0
10875.0	0.03755558828298896	0
10885.0	0.03780606496873208	0
10895.0	0.03805534111754625	0
10905.0	0.03830210337782421	0
10915.0	0.038544995876075516	0
10925.0	0.03878262746733543	0
10935.0	0.03901357917770328	0
10945.0	0.03923641179291754	0
10955.0	0.03944967354730541	0
10965.0	0.039651907868277624	0
10975.0	0.039841661132720724	0
10985.0	0.03980907517456883	0
10995.0	0.03999433525621425	0
11005.0	0.040160192080880175	0
11015.0	0.040305525565131825	0
11025.0	0.04042923854581965	0
11035.0	0.04053026439830637	0
11045.0	0.04060757447829926	0
11055.0	0.040660185343424436	0
11065.0	0.04068716571374105	0
11075.0	0.04068764313335497	0
11085.0	0.040660810298120076	0
11095.0	0.04060593101709329	0
11105.0	0.04052234577792799	0
11115.0	0.040409476888756284	0
11125.0	0.04026683317133502	0
11135.0	0.040094014182339904	0
11145.0	0.03989071394171415	0
11155.0	0.039656724148950856	0
11165.0	0.03939193687014931	0
11175.0	0.03909634668067703	0
11185.0	0.03877005225033078	0
11195.0	0.03841325736006125	0
11205.0	0.03802627134163941	0
11215.0	0.03760950893413075	0
11225.0	0.037163489553724505	0
11235.0	0.036688835976357456	0
11245.0	0.03618627243567883	0
11255.0	0.03565662214222287	0
11265.0	0.03510080423317513	0
11275.0	0.03451983016581715	0
11285.0	0.033724818074082084	0
11295.0	0.033119247857255604	0
11305.0	0.03248969521856823	0
11315.0	0.031837711942332106	0
11325.0	0.031164900875037413	0
11335.0	0.03047291005163115	0
11345.0	0.02976342651891159	0
11355.0	0.029038169887596242	0
11365.0	0.0282988856488589	0
11375.0	0.027547338295022906	0
11385.0	0.02678530428756932	0
11395.0	0.02601456491860401	0
11405.0	0.025236899114369937	0
11415.0	0.02445407623124288	0
11425.0	0.023667848895874612	0
11435.0	0.022879945941721443	0
11445.0	0.02209206549410503	0
11455.0	0.021305868255195023	0
11465.0	0.02052297103888849	0
11475.0	0.019744940603510865	0
11485.0	0.01897328782760909	0
11495.0	0.018209462270890132	0
11505.0	0.01745484715862871	0
11515.0	0.016710754823683976	0
11525.0	0.015978422635690836	0
11535.0	0.01525900944209757	0
11545.0	0.014553592540580581	0
11555.0	0.013863165197056163	0
11565.0	0.01318863471810449	0
11575.0	0.012530821081199945	0
11585.0	0.011890456120779325	0
11595.0	0.011268183262947554	0
11605.0	0.010664557796587435	0
11615.0	0.010080047663868932	0
11625.0	0.00951503474870135	0
11635.0	0.008767170309764077	0
11645.0	0.00826504111677804	0
11655.0	0.007780691437273106	0
11665.0	0.007314389630037802	0
11675.0	0.006866316674082711	0
11685.0	0.006436570253355875	0
11695.0	0.0060251691525516436	0
11705.0	0.0056320579119181055	0
11715.0	0.005257111689569884	0
11725.0	0.004900141280909485	0
11735.0	0.004560898246312208	0
11745.0	0.004239080100193412	0
11755.0	0.003934335516907098	0
11765.0	0.003646269511572514	0
11775.0	0.0033744485568419553	0
11785.0	0.00311840559975763	0
11795.0	0.0028776449461488693	0
11805.0	0.002651646983443828	0
11815.0	0.0024398727162649046	0
11825.0	0.002241768092698812	0
11835.0	0.0020567681026379073	0
11845.0	0.0018843006330391521	0
11855.0	0.0017237900683046412	0
11865.0	0.0015746606272202875	0
11875.0	0.0012569275755681573	0
11885.0	0.0011492180797061174	0
11895.0	0.0010491026590352642	0
11905.0	0.0009562178979180695	0
11915.0	0.0008702000247778618	0
11925.0	0.00079068710632202	0
11935.0	0.000717321032405602	0
11945.0	0.0006497492926762999	0
11955.0	0.0005876265482005039	0
11965.0	0.0005306160031032228	0
11975.0	0.0004783905828580584	0
11985.0	0.00043063392723736516	0
11995.0	0.00038704120708066167	0
12005.0	0.000347319774967747	0
12015.0	0.0003111896606008939	0
12025.0	0.0002783839222192706	0
12035.0	0.00024864886570146616	0
12045.0	0.00022174414317321388	0
12055.0	0.0	0
12065.0	0.0	0
12075.0	0.0	0
12085.0	0.0	0
12095.0	0.0	0
12105.0	0.0	0
12115.0	0.0	0
12125.0	0.0	0
12135.0	0.0	0
12145.0	0.0	0
12155.0	0.0	0
12165.0	0.0	0
12175.0	0.0	0
12185.0	0.0	0
12195.0	0.0	0
12205.0	0.0	0
12215.0	0.0	0
12225.0	0.0	0
12235.0	0.0	0
12245.0	0.0	0
12255.0	0.0	0
12265.0	0.0	0
12275.0	0.0	0
12285.0	0.0	0
12295.0	0.0	0
12305.0	0.0	0
12315.0	0.0	0
12325.0	0.0	0
12335.0	0.0	0
12345.0	0.0	0
12355.0	0.0	0
12365.0	0.0	0
12375.0	0.0	0
12385.0	0.0	0
12395.0	0.0	0
12405.0	0.0	0
12415.0	0.0	0
12425.0	0.0	0
12435.0	0.0	0
12445.0	0.0	0
12455.0	0.0	0
12465.0	0.0	0
12475.0	0.0	0
12485.0	0.0	0
12495.0	0.0	0
12505.0	0.0	0
12515.0	0.0	0
12525.0	0.0	0
12535.0	0.0	0
12545.0	0.0	0
12555.0	0.0	0
12565.0	0.0	0
12575.0	0.0	0
12585.0	0.0	0
12595.0	0.0	0
12605.0	0.0	0
12615.0	0.0	0
12625.0	0.0	0
12635.0	0.0	0
12645.0	0.0	0
12655.0	0.0	0
12665.0	0.0	0
12675.0	0.0	0
12685.0	0.0	0
12695.0	0.0	0
12705.0	0.0	0
12715.0	0.0	0
12725.0	0.0	0
12735.0	0.0	0
12745.0	0.0	0
12755.0	0.0	0
12765.0	0.0	0
12775.0	0.0	0
12785.0	0.0	0
12795.0	0.0	0
12805.0	0.0	0
12815.0	0.0	0
12825.0	0.0	0
12835.0	0.0	0
12845.0	0.0	0
12855.0	0.0	0
12865.0	0.0	0
12875.0	0.0	0
12885.0	0.0	0
12895.0	0.0	0
12905.0	0.0	0
12915.0	0.0	0
12925.0	0.0	0
12935.0	0.0	0
12945.0	0.0	0
12955.0	0.0	0
12965.0	0.0	0
12975.0	0.0	0
12985.0	0.0	0
12995.0	0.0	0
13005.0	0.0	0
13015.0	0.0	0
13025.0	0.0	0
13035.0	0.0	0
13045.0	0.0	0
13055.0	0.0	0
13065.0	0.0	0
13075.0	0.0	0
13085.0	0.0	0
13095.0	0.0	0
13105.0	0.0	0
13115.0	0.0	0
13125.0	0.0	0
13135.0	0.0	0
13145.0	0.0	0
13155.0	0.0	0
13165.0	0.0	0
13175.0	0.0	0
13185.0	0.0	0
13195.0	0.0	0
13205.0	0.0	0
13215.0	0.0	0
13225.0	0.0	0
13235.0	0.0	0
13245.0	0.0	0
13255.0	0.0	0
13265.0	0.0	0
13275.0	0.0	0
13285.0	0.0	0
13295.0	0.0	0
13305.0	0.0	0
13315.0	0.0	0
13325.0	0.0	0
13335.0	0.0	0
13345.0	0.0	0
13355.0	0.0	0
13365.0	0.0	0
13375.0	0.0	0
13385.0	0.0	0
13395.0	0.0	0
13405.0	0.0	0
13415.0	0.0	0
13425.0	0.0	0
13435.0	0.0	0
13445.0	0.0	0
13455.0	0.0	0
13465.0	0.0	0
13475.0	0.0	0
13485.0	0.0	0
13495.0	0.0	0
13505.0	0.0	0
13515.0	0.0	0
13525.0	0.0	0
13535.0	0.0	0
13545.0	0.0	0
13555.0	0.0	0
13565.0	0.0	0
13575.0	0.0	0
13585.0	0.0	0
13595.0	0.0	0
13605.0	0.0	0
13615.0	0.0	0
13625.0	0.0	0
13635.0	0.0	0
13645.0	0.0	0
13655.0	0.0	0
13665.0	0.0	0
13675.0	0.0	0
13685.0	0.0	0
13695.0	0.0	0
13705.0	0.0	0
13715.0	0.0	0
13725.0	0.0	0
13735.0	0.0	0
13745.0	0.0	0
13755.0	0.0	0
13765.0	0.0	0
13775.0	0.0	0
13785.0	0.0	0
13795.0	0.0	0
13805.0	0.0	0
13815.0	0.0	0
13825.0	0.0	0
13835.0	0.0	0
13845.0	0.0	0
13855.0	0.0	0
13865.0	0.0	0
13875.0	0.0	0
13885.0	0.0	0
13895.0	0.0	0
13905.0	0.0	0
13915.0	0.0	0
13925.0	0.0	0
13935.0	0.0	0
13945.0	0.0	0
13955.0	0.0	0
13965.0	0.0	0
13975.0	0.0	0
13985.0	0.0	0
13995.0	0.0	0
14005.0	0.0	0
14015.0	0.0	0
14025.0	0.0	0
14035.0	0.0	0
14045.0	0.0	0
14055.0	0.0	0
14065.0	0.0	0
14075.0	0.0	0
14085.0	0.0	0
14095.0	0.0	0
14105.0	0.0	0
14115.0	0.0	0
14125.0	0.0	0
14135.0	0.0	0
14145.0	0.0	0
14155.0	0.0	0
14165.0	0.0	0
14175.0	0.0	0
14185.0	0.0	0
14195.0	0.0	0
14205.0	0.0	0
14215.0	0.0	0
14225.0	0.0	0
14235.0	0.0	0
14245.0	0.0	0
14255.0	0.0	0
14265.0	0.0	0
14275.0	0.0	0
14285.0	0.0	0
14295.0	0.0	0
14305.0	0.0	0
14315.0	0.0	0
14325.0	0.0	0
14335.0	0.0	0
14345.0	0.0	0
14355.0	0.0	0
14365.0	0.0	0
14375.0	0.0	0
14385.0	0.0	0
14395.0	0.0	0
14405.0	0.0	0
14415.0	0.0	0
14425.0	0.0	0
14435.0	0.0	0
14445.0	0.0	0
14455.0	0.0	0
14465.0	0.0	0
14475.0	0.0	0
14485.0	0.0	0
14495.0	0.0	0
14505.0	0.0	0
14515.0	0.0	0
14525.0	0.0	0
14535.0	0.0	0
14545.0	0.0	0
14555.0	0.0	0
14565.0	0.0	0
14575.0	0.0	0
14585.0	0.0	0
14595.0	0.0	0
14605.0	0.0	0
14615.0	0.0	0
14625.0	0.0	0
14635.0	0.0	0
14645.0	0.0	0
14655.0	0.0	0
14665.0	0.0	0
14675.0	0.0	0
14685.0	0.0	0
14695.0	0.0	0
14705.0	0.0	0
14715.0	0.0	0
14725.0	0.0	0
14735.0	0.0	0
14745.0	0.0	0
14755.0	0.0	0
14765.0	0.0	0
14775.0	0.0	0
14785.0	0.0	0
14795.0	0.0	0
14805.0	0.0	0
14815.0	0.0	0
14825.0	0.0	0
14835.0	0.0	0
14845.0	0.0	0
14855.0	0.0	0
14865.0	0.0	0
14875.0	0.0	0
14885.0	0.0	0
14895.0	0.0	0
14905.0	0.0	0
14915.0	0.0	0
14925.0	0.0	0
14935.0	0.0	0
14945.0	0.0	0
14955.0	0.0	0
14965.0	0.0	0
14975.0	0.0	0
14985.0	0.0	0
14995.0	0.0	0
15005.0	0.0	0
15015.0	0.0	0
15025.0	0.0	0
15035.0	0.0	0
15045.0	0.0	0
15055.0	0.0	0
15065.0	0.0	0
15075.0	0.0	0
15085.0	0.0	0
15095.0	0.0	0
15105.0	0.0	0
15115.0	0.0	0
15125.0	0.0	0
15135.0	0.0	0
15145.0	0.0	0
15155.0	0.0	0
15165.0	0.0	0
15175.0	0.0	0
15185.0	0.0	0
15195.0	0.0	0
15205.0	0.0	0
15215.0	0.0	0
15225.0	0.0	0
15235.0	0.0	0
15245.0	0.0	0
15255.0	0.0	0
15265.0	0.0	0
15275.0	0.0	0
15285.0	0.0	0
15295.0	0.0	0
15305.0	0.0	0
15315.0	0.0	0
15325.0	0.0	0
15335.0	0.0	0
15345.0	0.0	0
15355.0	0.0	0
15365.0	0.0	0
15375.0	0.0	0
15385.0	0.0	0
15395.0	0.0	0
15405.0	0.0	0
15415.0	0.0	0
15425.0	0.0	0
15435.0	0.0	0
15445.0	0.0	0
15455.0	0.0	0
15465.0	0.0	0
15475.0	0.0	0
15485.0	0.0	0
15495.0	0.0	0
15505.0	0.0	0
15515.0	0.0	0
15525.0	0.0	0
15535.0	0.0	0
15545.0	0.0	0
15555.0	0.0	0
15565.0	0.0	0
15575.0	0.0	0
15585.0	0.0	0
15595.0	0.0	0
15605.0	0.0	0
15615.0	0.0	0
15625.0	0.0	0
15635.0	0.0	0
15645.0	0.0	0
15655.0	0.0	0
15665.0	0.0	0
15675.0	0.0	0
15685.0	0.0	0
15695.0	0.0	0
15705.0	0.0	0
15715.0	0.0	0
15725.0	0.0	0
15735.0	0.0	0
15745.0	0.0	0
15755.0	0.0	0
15765.0	0.0	0
15775.0	0.0	0
15785.0	0.0	0
15795.0	0.0	0
15805.0	0.0	0
15815.0	0.0	0
15825.0	0.0	0
15835.0	0.0	0
15845.0	0.0	0
15855.0	0.0	0
15865.0	0.0	0
15875.0	0.0	0
15885.0	0.0	0
15895.0	0.0	0
15905.0	0.0	0
15915.0	0.0	0
15925.0	0.0	0
15935.0	0.0	0
15945.0	0.0	0
15955.0	0.0	0
15965.0	0.0	0
15975.0	0.0	0
15985.0	0.0	0
15995.0	0.0	0
16005.0	0.0	0
16015.0	0.0	0
16025.0	0.0	0
16035.0	0.0	0
16045.0	0.0	0
16055.0	0.0	0
16065.0	0.0	0
16075.0	0.0	0
16085.0	0.0	0
16095.0	0.0	0
16105.0	0.0	0
16115.0	0.0	0
16125.0	0.0	0
16135.0	0.0	0
16145.0	0.0	0
16155.0	0.0	0
16165.0	0.0	0
16175.0	0.0	0
16185.0	0.0	0
16195.0	0.0	0
16205.0	0.0	0
16215.0	0.0	0
16225.0	0.0	0
16235.0	0.0	0
16245.0	0.0	0
16255.0	0.0	0
16265.0	0.0	0
16275.0	0.0	0
16285.0	0.0	0
16295.0	0.0	0
16305.0	0.0	0
16315.0	0.0	0
16325.0	0.0	0
16335.0	0.0	0
16345.0	0.0	0
16355.0	0.0	0
16365.0	0.0	0
16375.0	0.0	0
16385.0	0.0	0
16395.0	0.0	0
16405.0	0.0	0
16415.0	0.0	0
16425.0	0.0	0
16435.0	0.0	0
16445.0	0.0	0
16455.0	0.0	0
16465.0	0.0	0
16475.0	0.0	0
16485.0	0.0	0
16495.0	0.0	0
16505.0	0.0	0
16515.0	0.0	0
16525.0	0.0	0
16535.0	0.0	0
16545.0	0.0	0
16555.0	0.0	0
16565.0	0.0	0
16575.0	0.0	0
16585.0	0.0	0
16595.0	0.0	0
16605.0	0.0	0
16615.0	0.0	0
16625.0	0.0	0
16635.0	0.0	0
16645.0	0.0	0
16655.0	0.0	0
16665.0	0.0	0
16675.0	0.0	0
16685.0	0.0	0
16695.0	0.0	0
16705.0	0.0	0
16715.0	0.0	0
16725.0	0.0	0
16735.0	0.0	0
16745.0	0.0	0
16755.0	0.0	0
16765.0	0.0	0
16775.0	0.0	0
16785.0	0.0	0
16795.0	0.0	0
16805.0	0.0	0
16815.0	0.0	0
16825.0	0.0	0
16835.0	0.0	0
16845.0	0.0	0
16855.0	0.0	0
16865.0	0.0	0
16875.0	0.0	0
16885.0	0.0	0
16895.0	0.0	0
16905.0	0.0	0
16915.0	0.0	0
16925.0	0.0	0
16935.0	0.0	0
16945.0	0.0	0
16955.0	0.0	0
16965.0	0.0	0
16975.0	0.0	0
16985.0	0.0	0
16995.0	0.0	0
17005.0	0.0	0
17015.0	0.0	0
17025.0	0.0	0
17035.0	0.0	0
17045.0	0.0	0
17055.0	0.0	0
17065.0	0.0	0
17075.0	0.0	0
17085.0	0.0	0
17095.0	0.0	0
17105.0	0.0	0
17115.0	0.0	0
17125.0	0.0	0
17135.0	0.0	0
17145.0	0.0	0
17155.0	0.0	0
17165.0	0.0	0
17175.0	0.0	0
17185.0	0.0	0
17195.0	0.0	0
17205.0	0.0	0
17215.0	0.0	0
17225.0	0.0	0
17235.0	0.0	0
17245.0	0.0	0
17255.0	0.0	0
17265.0	0.0	0
17275.0	0.0	0
17285.0	0.0	0
17295.0	0.0	0
17305.0	0.0	0
17315.0	0.0	0
17325.0	0.0	0
17335.0	0.0	0
17345.0	0.0	0
17355.0	0.0	0
17365.0	0.0	0
17375.0	0.0	0
17385.0	0.0	0
17395.0	0.0	0
17405.0	0.0	0
17415.0	0.0	0
17425.0	0.0	0
17435.0	0.0	0
17445.0	0.0	0
17455.0	0.0	0
17465.0	0.0	0
17475.0	0.0	0
17485.0	0.0	0
17495.0	0.0	0
17505.0	0.0	0
17515.0	0.0	0
17525.0	0.0	0
17535.0	0.0	0
17545.0	0.0	0
17555.0	0.0	0
17565.0	0.0	0
17575.0	0.0	0
17585.0	0.0	0
17595.0	0.0	0
17605.0	0.0	0
17615.0	0.0	0
17625.0	0.0	0
17635.0	0.0	0
17645.0	0.0	0
17655.0	0.0	0
17665.0	0.0	0
17675.0	0.0	0
17685.0	0.0	0
17695.0	0.0	0
17705.0	0.0	0
17715.0	0.0	0
17725.0	0.0	0
17735.0	0.0	0
17745.0	0.0	0
17755.0	0.0	0
17765.0	0.0	0
17775.0	0.0	0
17785.0	0.0	0
17795.0	0.0	0
17805.0	0.0	0
17815.0	0.0	0
17825.0	0.0	0
17835.0	0.0	0
17845.0	0.0	0
17855.0	0.0	0
17865.0	0.0	0
17875.0	0.0	0
17885.0	0.0	0
17895.0	0.0	0
17905.0	0.0	0
17915.0	0.0	0
17925.0	0.0	0
17935.0	0.0	0
17945.0	0.0	0
17955.0	0.0	0
17965.0	0.0	0
17975.0	0.0	0
17985.0	0.0	0
17995.0	0.0	0
18005.0	0.0	0
18015.0	0.0	0
18025.0	0.0	0
18035.0	0.0	0
18045.0	0.0	0
18055.0	0.0	0
18065.0	0.0	0
18075.0	0.0	0
18085.0	0.0	0
18095.0	0.0	0
18105.0	0.0	0
18115.0	0.0	0
18125.0	0.0	0
18135.0	0.0	0
18145.0	0.0	0
18155.0	0.0	0
18165.0	0.0	0
18175.0	0.0	0
18185.0	0.0	0
18195.0	0.0	0
18205.0	0.0	0
18215.0	0.0	0
18225.0	0.0	0
18235.0	0.0	0
18245.0	0.0	0
18255.0	0.0	0
18265.0	0.0	0
18275.0	0.0	0
18285.0	0.0	0
18295.0	0.0	0
18305.0	0.0	0
18315.0	0.0	0
18325.0	0.0	0
18335.0	0.0	0
18345.0	0.0	0
18355.0	0.0	0
18365.0	0.0	0
18375.0	0.0	0
18385.0	0.0	0
18395.0	0.0	0
18405.0	0.0	0
18415.0	0.0	0
18425.0	0.0	0
18435.0	0.0	0
18445.0	0.0	0
18455.0	0.0	0
18465.0	0.0	0
18475.0	0.0	0
18485.0	0.0	0
18495.0	0.0	0
18505.0	0.0	0
18515.0	0.0	0
18525.0	0.0	0
18535.0	0.0	0
18545.0	0.0	0
18555.0	0.0	0
18565.0	0.0	0
18575.0	0.0	0
18585.0	0.0	0
18595.0	0.0	0
18605.0	0.0	0
18615.0	0.0	0
18625.0	0.0	0
18635.0	0.0	0
18645.0	0.0	0
18655.0	0.0	0
18665.0	0.0	0
18675.0	0.0	0
18685.0	0.0	0
18695.0	0.0	0
18705.0	0.0	0
18715.0	0.0	0
18725.0	0.0	0
18735.0	0.0	0
18745.0	0.0	0
18755.0	0.0	0
18765.0	0.0	0
18775.0	0.0	0
18785.0	0.0	0
18795.0	0.0	0
18805.0	0.0	0
18815.0	0.0	0
18825.0	0.0	0
18835.0	0.0	0
18845.0	0.0	0
18855.0	0.0	0
18865.0	0.0	0
18875.0	0.0	0
18885.0	0.0	0
18895.0	0.0	0
18905.0	0.0	0
18915.0	0.0	0
18925.0	0.0	0
18935.0	0.0	0
18945.0	0.0	0
18955.0	0.0	0
18965.0	0.0	0
18975.0	0.0	0
18985.0	0.0	0
18995.0	0.0	0
19005.0	0.0	0
19015.0	0.0	0
19025.0	0.0	0
19035.0	0.0	0
19045.0	0.0	0
19055.0	0.0	0
19065.0	0.0	0
19075.0	0.0	0
19085.0	0.0	0
19095.0	0.0	0
19105.0	0.0	0
19115.0	0.0	0
19125.0	0.0	0
19135.0	0.0	0
19145.0	0.0	0
19155.0	0.0	0
19165.0	0.0	0
19175.0	0.0	0
19185.0	0.0	0
19195.0	0.0	0
19205.0	0.0	0
19215.0	0.0	0
19225.0	0.0	0
19235.0	0.0	0
19245.0	0.0	0
19255.0	0.0	0
19265.0	0.0	0
19275.0	0.0	0
19285.0	0.0	0
19295.0	0.0	0
19305.0	0.0	0
19315.0	0.0	0
19325.0	0.0	0
19335.0	0.0	0
19345.0	0.0	0
19355.0	0.0	0
19365.0	0.0	0
19375.0	0.0	0
19385.0	0.0	0
19395.0	0.0	0
19405.0	0.0	0
19415.0	0.0	0
19425.0	0.0	0
19435.0	0.0	0
19445.0	0.0	0
19455.0	0.0	0
19465.0	0.0	0
19475.0	0.0	0
19485.0	0.0	0
19495.0	0.0	0
19505.0	0.0	0
19515.0	0.0	0
19525.0	0.0	0
19535.0	0.0	0
19545.0	0.0	0
19555.0	0.0	0
19565.0	0.0	0
19575.0	0.0	0
19585.0	0.0	0
19595.0	0.0	0
19605.0	0.0	0
19615.0	0.0	0
19625.0	0.0	0
19635.0	0.0	0
19645.0	0.0	0
19655.0	0.0	0
19665.0	0.0	0
19675.0	0.0	0
19685.0	0.0	0
19695.0	0.0	0
19705.0	0.0	0
19715.0	0.0	0
19725.0	0.0	0
19735.0	0.0	0
19745.0	0.0	0
19755.0	0.0	0
19765.0	0.0	0
19775.0	0.0	0
19785.0	0.0	0
19795.0	0.0	0
19805.0	0.0	0
19815.0	0.0	0
19825.0	0.0	0
19835.0	0.0	0
19845.0	0.0	0
19855.0	0.0	0
19865.0	0.0	0
19875.0	0.0	0
19885.0	0.0	0
19895.0	0.0	0
19905.0	0.0	0
19915.0	0.0	0
19925.0	0.0	0
19935.0	0.0	0
19945.0	0.0	0
19955.0	0.0	0
19965.0	0.0	0
19975.0	0.0	0
19985.0	0.0	0
19995.0	0.0	0
20005.0	0.0	0
20015.0	0.0	0
20025.0	0.0	0
20035.0	0.0	0
20045.0	0.0	0
20055.0	0.0	0
20065.0	0.0	0
20075.0	0.0	0
20085.0	0.0	0
20095.0	0.0	0
20105.0	0.0	0
20115.0	0.0	0
20125.0	0.0	0
20135.0	0.0	0
20145.0	0.0	0
20155.0	0.0	0
20165.0	0.0	0
20175.0	0.0	0
20185.0	0.0	0
20195.0	0.0	0
20205.0	0.0	0
20215.0	0.0	0
20225.0	0.0	0
20235.0	0.0	0
20245.0	0.0	0
20255.0	0.0	0
20265.0	0.0	0
20275.0	0.0	0
20285.0	0.0	0
20295.0	0.0	0
20305.0	0.0	0
20315.0	0.0	0
20325.0	0.0	0
20335.0	0.0	0
20345.0	0.0	0
20355.0	0.0	0
20365.0	0.0	0
20375.0	0.0	0
20385.0	0.0	0
20395.0	0.0	0
20405.0	0.0	0
20415.0	0.0	0
20425.0	0.0	0
20435.0	0.0	0
20445.0	0.0	0
20455.0	0.0	0
20465.0	0.0	0
20475.0	0.0	0
20485.0	0.0	0
20495.0	0.0	0
20505.0	0.0	0
20515.0	0.0	0
20525.0	0.0	0
20535.0	0.0	0
20545.0	0.0	0
20555.0	0.0	0
20565.0	0.0	0
20575.0	0.0	0
20585.0	0.0	0
20595.0	0.0	0
20605.0	0.0	0
20615.0	0.0	0
20625.0	0.0	0
20635.0	0.0	0
20645.0	0.0	0
20655.0	0.0	0
20665.0	0.0	0
20675.0	0.0	0
20685.0	0.0	0
20695.0	0.0	0
20705.0	0.0	0
20715.0	0.0	0
20725.0	0.0	0
20735.0	0.0	0
20745.0	0.0	0
20755.0	0.0	0
20765.0	0.0	0
20775.0	0.0	0
20785.0	0.0	0
20795.0	0.0	0
20805.0	0.0	0
20815.0	0.0	0
20825.0	0.0	0
20835.0	0.0	0
20845.0	0.0	0
20855.0	0.0	0
20865.0	0.0	0
20875.0	0.0	0
20885.0	0.0	0
20895.0	0.0	0
20905.0	0.0	0
20915.0	0.0	0
20925.0	0.0	0
20935.0	0.0	0
20945.0	0.0	0
20955.0	0.0	0
20965.0	0.0	0
20975.0	0.0	0
20985.0	0.0	0
20995.0	0.0	0
21005.0	0.0	0
21015.0	0.0	0
21025.0	0.0	0
21035.0	0.0	0
21045.0	0.0	0
21055.0	0.0	0
21065.0	0.0	0
21075.0	0.0	0
21085.0	0.0	0
21095.0	0.0	0
21105.0	0.0	0
21115.0	0.0	0
21125.0	0.0	0
21135.0	0.0	0
21145.0	0.0	0
21155.0	0.0	0
21165.0	0.0	0
21175.0	0.0	0
21185.0	0.0	0
21195.0	0.0	0
21205.0	0.0	0
21215.0	0.0	0
21225.0	0.0	0
21235.0	0.0	0
21245.0	0.0	0
21255.0	0.0	0
21265.0	0.0	0
21275.0	0.0	0
21285.0	0.0	0
21295.0	0.0	0
21305.0	0.0	0
21315.0	0.0	0
21325.0	0.0	0
21335.0	0.0	0
21345.0	0.0	0
21355.0	0.0	0
21365.0	0.0	0
21375.0	0.0	0
21385.0	0.0	0
21395.0	0.0	0
21405.0	0.0	0
21415.0	0.0	0
21425.0	0.0	0
21435.0	0.0	0
21445.0	0.0	0
21455.0	0.0	0
21465.0	0.0	0
21475.0	0.0	0
21485.0	0.0	0
21495.0	0.0	0
21505.0	0.0	0
21515.0	0.0	0
21525.0	0.0	0
21535.0	0.0	0
21545.0	0.0	0
21555.0	0.0	0
21565.0	0.0	0
21575.0	0.0	0
21585.0	0.0	0
21595.0	0.0	0
21605.0	0.0	0
21615.0	0.0	0
21625.0	0.0	0
21635.0	0.0	0
21645.0	0.0	0
21655.0	0.0	0
21665.0	0.0	0
21675.0	0.0	0
21685.0	0.0	0
21695.0	0.0	0
21705.0	0.0	0
21715.0	0.0	0
21725.0	0.0	0
21735.0	0.0	0
21745.0	0.0	0
21755.0	0.0	0
21765.0	0.0	0
21775.0	0.0	0
21785.0	0.0	0
21795.0	0.0	0
21805.0	0.0	0
21815.0	0.0	0
21825.0	0.0	0
21835.0	0.0	0
21845.0	0.0	0
21855.0	0.0	0
21865.0	0.0	0
21875.0	0.0	0
21885.0	0.0	0
21895.0	0.0	0
21905.0	0.0	0
21915.0	0.0	0
21925.0	0.0	0
21935.0	0.0	0
21945.0	0.0	0
21955.0	0.0	0
21965.0	0.0	0
21975.0	0.0	0
21985.0	0.0	0
21995.0	0.0	0
22005.0	0.0	0
22015.0	0.0	0
22025.0	0.0	0
22035.0	0.0	0
22045.0	0.0	0
22055.0	0.0	0
22065.0	0.0	0
22075.0	0.0	0
22085.0	0.0	0
22095.0	0.0	0
22105.0	0.0	0
22115.0	0.0	0
22125.0	0.0	0
22135.0	0.0	0
22145.0	0.0	0
22155.0	0.0	0
22165.0	0.0	0
22175.0	0.0	0
22185.0	0.0	0
22195.0	0.0	0
22205.0	0.0	0
22215.0	0.0	0
22225.0	0.0	0
22235.0	0.0	0
22245.0	0.0	0
22255.0	0.0	0
22265.0	0.0	0
22275.0	0.0	0
22285.0	0.0	0
22295.0	0.0	0
22305.0	0.0	0
22315.0	0.0	0
22325.0	0.0	0
22335.0	0.0	0
22345.0	0.0	0
22355.0	0.0	0
22365.0	0.0	0
22375.0	0.0	0
22385.0	0.0	0
22395.0	0.0	0
22405.0	0.0	0
22415.0	0.0	0
22425.0	0.0	0
22435.0	0.0	0
22445.0	0.0	0
22455.0	0.0	0
22465.0	0.0	0
22475.0	0.0	0
22485.0	0.0	0
22495.0	0.0	0
22505.0	0.0	0
22515.0	0.0	0
22525.0	0.0	0
22535.0	0.0	0
22545.0	0.0	0
22555.0	0.0	0
22565.0	0.0	0
22575.0	0.0	0
22585.0	0.0	0
22595.0	0.0	0
22605.0	0.0	0
22615.0	0.0	0
22625.0	0.0	0
22635.0	0.0	0
22645.0	0.0	0
22655.0	0.0	0
22665.0	0.0	0
22675.0	0.0	0
22685.0	0.0	0
22695.0	0.0	0
22705.0	0.0	0
22715.0	0.0	0
22725.0	0.0	0
22735.0	0.0	0
22745.0	0.0	0
22755.0	0.0	0
22765.0	0.0	0
22775.0	0.0	0
22785.0	0.0	0
22795.0	0.0	0
22805.0	0.0	0
22815.0	0.0	0
22825.0	0.0	0
22835.0	0.0	0
22845.0	0.0	0
22855.0	0.0	0
22865.0	0.0	0
22875.0	0.0	0
22885.0	0.0	0
22895.0	0.0	0
22905.0	0.0	0
22915.0	0.0	0
22925.0	0.0	0
22935.0	0.0	0
22945.0	0.0	0
22955.0	0.0	0
22965.0	0.0	0
22975.0	0.0	0
22985.0	0.0	0
22995.0	0.0	0
23005.0	0.0	0
23015.0	0.0	0
23025.0	0.0	0
23035.0	0.0	0
23045.0	0.0	0
23055.0	0.0	0
23065.0	0.0	0
23075.0	0.0	0
23085.0	0.0	0
23095.0	0.0	0
23105.0	0.0	0
23115.0	0.0	0
23125.0	0.0	0
23135.0	0.0	0
23145.0	0.0	0
23155.0	0.0	0
23165.0	0.0	0
23175.0	0.0	0
23185.0	0.0	0
23195.0	0.0	0
23205.0	0.0	0
23215.0	0.0	0
23225.0	0.0	0
23235.0	0.0	0
23245.0	0.0	0
23255.0	0.0	0
23265.0	0.0	0
23275.0	0.0	0
23285.0	0.0	0
23295.0	0.0	0
23305.0	0.0	0
23315.0	0.0	0
23325.0	0.0	0
23335.0	0.0	0
23345.0	0.0	0
23355.0	0.0	0
23365.0	0.0	0
23375.0	0.0	0
23385.0	0.0	0
23395.0	0.0	0
23405.0	0.0	0
23415.0	0.0	0
23425.0	0.0	0
23435.0	0.0	0
23445.0	0.0	0
23455.0	0.0	0
23465.0	0.0	0
23475.0	0.0	0
23485.0	0.0	0
23495.0	0.0	0
23505.0	0.0	0
23515.0	0.0	0
23525.0	0.0	0
23535.0	0.0	0
23545.0	0.0	0
23555.0	0.0	0
23565.0	0.0	0
23575.0	0.0	0
23585.0	0.0	0
23595.0	0.0	0
23605.0	0.0	0
23615.0	0.0	0
23625.0	0.0	0
23635.0	0.0	0
23645.0	0.0	0
23655.0	0.0	0
23665.0	0.0	0
23675.0	0.0	0
23685.0	0.0	0
23695.0	0.0	0
23705.0	0.0	0
23715.0	0.0	0
23725.0	0.0	0
23735.0	0.0	0
23745.0	0.0	0
23755.0	0.0	0
23765.0	0.0	0
23775.0	0.0	0
23785.0	0.0	0
23795.0	0.0	0
23805.0	0.0	0
23815.0	0.0	0
23825.0	0.0	0
23835.0	0.0	0
23845.0	0.0	0
23855.0	0.0	0
23865.0	0.0	0
23875.0	0.0	0
23885.0	0.0	0
23895.0	0.0	0
23905.0	0.0	0
23915.0	0.0	0
23925.0	0.0	0
23935.0	0.0	0
23945.0	0.0	0
23955.0	0.0	0
23965.0	0.0	0
23975.0	0.0	0
23985.0	0.0	0
23995.0	0.0	0
24005.0	0.0	0
24015.0	0.0	0
24025.0	0.0	0
24035.0	0.0	0
24045.0	0.0	0
24055.0	0.0	0
24065.0	0.0	0
24075.0	0.0	0
24085.0	0.0	0
24095.0	0.0	0
24105.0	0.0	0
24115.0	0.0	0
24125.0	0.0	0
24135.0	0.0	0
24145.0	0.0	0
24155.0	0.0	0
24165.0	0.0	0
24175.0	0.0	0
24185.0	0.0	0
24195.0	0.0	0
24205.0	0.0	0
24215.0	0.0	0
24225.0	0.0	0
24235.0	0.0	0
24245.0	0.0	0
24255.0	0.0	0
24265.0	0.0	0
24275.0	0.0	0
24285.0	0.0	0
24295.0	0.0	0
24305.0	0.0	0
24315.0	0.0	0
24325.0	0.0	0
24335.0	0.0	0
24345.0	0.0	0
24355.0	0.0	0
24365.0	0.0	0
24375.0	0.0	0
24385.0	0.0	0
24395.0	0.0	0
24405.0	0.0	0
24415.0	0.0	0
24425.0	0.0	0
24435.0	0.0	0
24445.0	0.0	0
24455.0	0.0	0
24465.0	0.0	0
24475.0	0.0	0
24485.0	0.0	0
24495.0	0.0	0
24505.0	0.0	0
24515.0	0.0	0
24525.0	0.0	0
24535.0	0.0	0
24545.0	0.0	0
24555.0	0.0	0
24565.0	0.0	0
24575.0	0.0	0
24585.0	0.0	0
24595.0	0.0	0
24605.0	0.0	0
24615.0	0.0	0
24625.0	0.0	0
24635.0	0.0	0
24645.0	0.0	0
24655.0	0.0	0
24665.0	0.0	0
24675.0	0.0	0
24685.0	0.0	0
24695.0	0.0	0
24705.0	0.0	0
24715.0	0.0	0
24725.0	0.0	0
24735.0	0.0	0
24745.0	0.0	0
24755.0	0.0	0
24765.0	0.0	0
24775.0	0.0	0
24785.0	0.0	0
24795.0	0.0	0
24805.0	0.0	0
24815.0	0.0	0
24825.0	0.0	0
24835.0	0.0	0
24845.0	0.0	0
24855.0	0.0	0
24865.0	0.0	0
24875.0	0.0	0
24885.0	0.0	0
24895.0	0.0	0
24905.0	0.0	0
24915.0	0.0	0
24925.0	0.0	0
24935.0	0.0	0
24945.0	0.0	0
24955.0	0.0	0
24965.0	0.0	0
24975.0	0.0	0
24985.0	0.0	0
24995.0	0.0	0
25005.0	0.0	0
25015.0	0.0	0
25025.0	0.0	0
25035.0	0.0	0
25045.0	0.0	0
25055.0	0.0	0
25065.0	0.0	0
25075.0	0.0	0
25085.0	0.0	0
25095.0	0.0	0
25105.0	0.0	0
25115.0	0.0	0
25125.0	0.0	0
25135.0	0.0	0
25145.0	0.0	0
25155.0	0.0	0
25165.0	0.0	0
25175.0	0.0	0
25185.0	0.0	0
25195.0	0.0	0
25205.0	0.0	0
25215.0	0.0	0
25225.0	0.0	0
25235.0	0.0	0
25245.0	0.0	0
25255.0	0.0	0
25265.0	0.0	0
25275.0	0.0	0
25285.0	0.0	0
25295.0	0.0	0
25305.0	0.0	0
25315.0	0.0	0
25325.0	0.0	0
25335.0	0.0	0
25345.0	0.0	0
25355.0	0.0	0
25365.0	0.0	0
25375.0	0.0	0
25385.0	0.0	0
25395.0	0.0	0
25405.0	0.0	0
25415.0	0.0	0
25425.0	0.0	0
25435.0	0.0	0
25445.0	0.0	0
25455.0	0.0	0
25465.0	0.0	0
25475.0	0.0	0
25485.0	0.0	0
25495.0	0.0	0
25505.0	0.0	0
25515.0	0.0	0
25525.0	0.0	0
25535.0	0.0	0
25545.0	0.0	0
25555.0	0.0	0
25565.0	0.0	0
25575.0	0.0	0
25585.0	0.0	0
25595.0	0.0	0
25605.0	0.0	0
25615.0	0.0	0
25625.0	0.0	0
25635.0	0.0	0
25645.0	0.0	0
25655.0	0.0	0
25665.0	0.0	0
25675.0	0.0	0
25685.0	0.0	0
25695.0	0.0	0
25705.0	0.0	0
25715.0	0.0	0
25725.0	0.0	0
25735.0	0.0	0
25745.0	0.0	0
25755.0	0.0	0
25765.0	0.0	0
25775.0	0.0	0
25785.0	0.0	0
25795.0	0.0	0
25805.0	0.0	0
25815.0	0.0	0
25825.0	0.0	0
25835.0	0.0	0
25845.0	0.0	0
25855.0	0.0	0
25865.0	0.0	0
25875.0	0.0	0
25885.0	0.0	0
25895.0	0.0	0
25905.0	0.0	0
25915.0	0.0	0
25925.0	0.0	0
25935.0	0.0	0
25945.0	0.0	0
25955.0	0.0	0
25965.0	0.0	0
25975.0	0.0	0
25985.0	0.0	0
25995.0	0.0	0
26005.0	0.0	0
26015.0	0.0	0
26025.0	0.0	0
26035.0	0.0	0
26045.0	0.0	0
26055.0	0.0	0
26065.0	0.0	0
26075.0	0.0	0
26085.0	0.0	0
26095.0	0.0	0
26105.0	0.0	0
26115.0	0.0	0
26125.0	0.0	0
26135.0	0.0	0
26145.0	0.0	0
26155.0	0.0	0
26165.0	0.0	0
26175.0	0.0	0
26185.0	0.0	0
26195.0	0.0	0
26205.0	0.0	0
26215.0	0.0	0
26225.0	0.0	0
26235.0	0.0	0
26245.0	0.0	0
26255.0	0.0	0
26265.0	0.0	0
26275.0	0.0	0
26285.0	0.0	0
26295.0	0.0	0
26305.0	0.0	0
26315.0	0.0	0
26325.0	0.0	0
26335.0	0.0	0
26345.0	0.0	0
26355.0	0.0	0
26365.0	0.0	0
26375.0	0.0	0
26385.0	0.0	0
26395.0	0.0	0
26405.0	0.0	0
26415.0	0.0	0
26425.0	0.0	0
26435.0	0.0	0
26445.0	0.0	0
26455.0	0.0	0
26465.0	0.0	0
26475.0	0.0	0
26485.0	0.0	0
26495.0	0.0	0
26505.0	0.0	0
26515.0	0.0	0
26525.0	0.0	0
26535.0	0.0	0
26545.0	0.0	0
26555.0	0.0	0
26565.0	0.0	0
26575.0	0.0	0
26585.0	0.0	0
26595.0	0.0	0
26605.0	0.0	0
26615.0	0.0	0
26625.0	0.0	0
26635.0	0.0	0
26645.0	0.0	0
26655.0	0.0	0
26665.0	0.0	0
26675.0	0.0	0
26685.0	0.0	0
26695.0	0.0	0
26705.0	0.0	0
26715.0	0.0	0
26725.0	0.0	0
26735.0	0.0	0
26745.0	0.0	0
26755.0	0.0	0
26765.0	0.0	0
26775.0	0.0	0
26785.0	0.0	0
26795.0	0.0	0
26805.0	0.0	0
26815.0	0.0	0
26825.0	0.0	0
26835.0	0.0	0
26845.0	0.0	0
26855.0	0.0	0
26865.0	0.0	0
26875.0	0.0	0
26885.0	0.0	0
26895.0	0.0	0
26905.0	0.0	0
26915.0	0.0	0
26925.0	0.0	0
26935.0	0.0	0
26945.0	0.0	0
26955.0	0.0	0
26965.0	0.0	0
26975.0	0.0	0
26985.0	0.0	0
26995.0	0.0	0
27005.0	0.0	0
27015.0	0.0	0
27025.0	0.0	0
27035.0	0.0	0
27045.0	0.0	0
27055.0	0.0	0
27065.0	0.0	0
27075.0	0.0	0
27085.0	0.0	0
27095.0	0.0	0
27105.0	0.0	0
27115.0	0.0	0
27125.0	0.0	0
27135.0	0.0	0
27145.0	0.0	0
27155.0	0.0	0
27165.0	0.0	0
27175.0	0.0	0
27185.0	0.0	0
27195.0	0.0	0
27205.0	0.0	0
27215.0	0.0	0
27225.0	0.0	0
27235.0	0.0	0
27245.0	0.0	0
27255.0	0.0	0
27265.0	0.0	0
27275.0	0.0	0
27285.0	0.0	0
27295.0	0.0	0
27305.0	0.0	0
27315.0	0.0	0
27325.0	0.0	0
27335.0	0.0	0
27345.0	0.0	0
27355.0	0.0	0
27365.0	0.0	0
27375.0	0.0	0
27385.0	0.0	0
27395.0	0.0	0
27405.0	0.0	0
27415.0	0.0	0
27425.0	0.0	0
27435.0	0.0	0
27445.0	0.0	0
27455.0	0.0	0
27465.0	0.0	0
27475.0	0.0	0
27485.0	0.0	0
27495.0	0.0	0
27505.0	0.0	0
27515.0	0.0	0
27525.0	0.0	0
27535.0	0.0	0
27545.0	0.0	0
27555.0	0.0	0
27565.0	0.0	0
27575.0	0.0	0
27585.0	0.0	0
27595.0	0.0	0
27605.0	0.0	0
27615.0	0.0	0
27625.0	0.0	0
27635.0	0.0	0
27645.0	0.0	0
27655.0	0.0	0
27665.0	0.0	0
27675.0	0.0	0
27685.0	0.0	0
27695.0	0.0	0
27705.0	0.0	0
27715.0	0.0	0
27725.0	0.0	0
27735.0	0.0	0
27745.0	0.0	0
27755.0	0.0	0
27765.0	0.0	0
27775.0	0.0	0
27785.0	0.0	0
27795.0	0.0	0
27805.0	0.0	0
27815.0	0.0	0
27825.0	0.0	0
27835.0	0.0	0
27845.0	0.0	0
27855.0	0.0	0
27865.0	0.0	0
27875.0	0.0	0
27885.0	0.0	0
27895.0	0.0	0
27905.0	0.0	0
27915.0	0.0	0
27925.0	0.0	0
27935.0	0.0	0
27945.0	0.0	0
27955.0	0.0	0
27965.0	0.0	0
27975.0	0.0	0
27985.0	0.0	0
27995.0	0.0	0
28005.0	0.0	0
28015.0	0.0	0
28025.0	0.0	0
28035.0	0.0	0
28045.0	0.0	0
28055.0	0.0	0
28065.0	0.0	0
28075.0	0.0	0
28085.0	0.0	0
28095.0	0.0	0
28105.0	0.0	0
28115.0	0.0	0
28125.0	0.0	0
28135.0	0.0	0
28145.0	0.0	0
28155.0	0.0	0
28165.0	0.0	0
28175.0	0.0	0
28185.0	0.0	0
28195.0	0.0	0
28205.0	0.0	0
28215.0	0.0	0
28225.0	0.0	0
28235.0	0.0	0
28245.0	0.0	0
28255.0	0.0	0
28265.0	0.0	0
28275.0	0.0	0
28285.0	0.0	0
28295.0	0.0	0
28305.0	0.0	0
28315.0	0.0	0
28325.0	0.0	0
28335.0	0.0	0
28345.0	0.0	0
28355.0	0.0	0
28365.0	0.0	0
28375.0	0.0	0
28385.0	0.0	0
28395.0	0.0	0
28405.0	0.0	0
28415.0	0.0	0
28425.0	0.0	0
28435.0	0.0	0
28445.0	0.0	0
28455.0	0.0	0
28465.0	0.0	0
28475.0	0.0	0
28485.0	0.0	0
28495.0	0.0	0
28505.0	0.0	0
28515.0	0.0	0
28525.0	0.0	0
28535.0	0.0	0
28545.0	0.0	0
28555.0	0.0	0
28565.0	0.0	0
28575.0	0.0	0
28585.0	0.0	0
28595.0	0.0	0
28605.0	0.0	0
28615.0	0.0	0
28625.0	0.0	0
28635.0	0.0	0
28645.0	0.0	0
28655.0	0.0	0
28665.0	0.0	0
28675.0	0.0	0
28685.0	0.0	0
28695.0	0.0	0
28705.0	0.0	0
28715.0	0.0	0
28725.0	0.0	0
28735.0	0.0	0
28745.0	0.0	0
28755.0	0.0	0
28765.0	0.0	0
28775.0	0.0	0
28785.0	0.0	0
28795.0	0.0	0
28805.0	0.0	0
28815.0	0.0	0
28825.0	0.0	0
28835.0	0.0	0
28845.0	0.0	0
28855.0	0.0	0
28865.0	0.0	0
28875.0	0.0	0
28885.0	0.0	0
28895.0	0.0	0
28905.0	0.0	0
28915.0	0.0	0
28925.0	0.0	0
28935.0	0.0	0
28945.0	0.0	0
28955.0	0.0	0
28965.0	0.0	0
28975.0	0.0	0
28985.0	0.0	0
28995.0	0.0	0
29005.0	0.0	0
29015.0	0.0	0
29025.0	0.0	0
29035.0	0.0	0
29045.0	0.0	0
29055.0	0.0	0
29065.0	0.0	0
29075.0	0.0	0
29085.0	0.0	0
29095.0	0.0	0
29105.0	0.0	0
29115.0	0.0	0
29125.0	0.0	0
29135.0	0.0	0
29145.0	0.0	0
29155.0	0.0	0
29165.0	0.0	0
29175.0	0.0	0
29185.0	0.0	0
29195.0	0.0	0
29205.0	0.0	0
29215.0	0.0	0
29225.0	0.0	0
29235.0	0.0	0
29245.0	0.0	0
29255.0	0.0	0
29265.0	0.0	0
29275.0	0.0	0
29285.0	0.0	0
29295.0	0.0	0
29305.0	0.0	0
29315.0	0.0	0
29325.0	0.0	0
29335.0	0.0	0
29345.0	0.0	0
29355.0	0.0	0
29365.0	0.0	0
29375.0	0.0	0
29385.0	0.0	0
29395.0	0.0	0
29405.0	0.0	0
29415.0	0.0	0
29425.0	0.0	0
29435.0	0.0	0
29445.0	0.0	0
29455.0	0.0	0
29465.0	0.0	0
29475.0	0.0	0
29485.0	0.0	0
29495.0	0.0	0
29505.0	0.0	0
29515.0	0.0	0
29525.0	0.0	0
29535.0	0.0	0
29545.0	0.0	0
29555.0	0.0	0
29565.0	0.0	0
29575.0	0.0	0
29585.0	0.0	0
29595.0	0.0	0
29605.0	0.0	0
29615.0	0.0	0
29625.0	0.0	0
29635.0	0.0	0
29645.0	0.0	0
29655.0	0.0	0
29665.0	0.0	0
29675.0	0.0	0
29685.0	0.0	0
29695.0	0.0	0
29705.0	0.0	0
29715.0	0.0	0
29725.0	0.0	0
29735.0	0.0	0
29745.0	0.0	0
29755.0	0.0	0
29765.0	0.0	0
29775.0	0.0	0
29785.0	0.0	0
29795.0	0.0	0
29805.0	0.0	0
29815.0	0.0	0
29825.0	0.0	0
29835.0	0.0	0
29845.0	0.0	0
29855.0	0.0	0
29865.0	0.0	0
29875.0	0.0	0
29885.0	0.0	0
29895.0	0.0	0
29905.0	0.0	0
29915.0	0.0	0
29925.0	0.0	0
29935.0	0.0	0
29945.0	0.0	0
29955.0	0.0	0
29965.0	0.0	0
29975.0	0.0	0
29985.0	0.0	0
