5.0	0.0	0
15.0	0.0	0
25.0	0.0	0
35.0	0.0	0
45.0	0.0	0
55.0	0.0	0
65.0	0.0	0
75.0	0.0	0
85.0	0.0	0
95.0	0.0	0
105.0	0.0	0
115.0	0.0	0
125.0	0.0	0
135.0	0.0	0
145.0	0.0	0
155.0	0.0	0
165.0	0.0	0
175.0	0.0	0
185.0	0.0	0
195.0	0.0	0
205.0	0.0	0
215.0	0.0	0
225.0	0.0	0
235.0	0.0	0
245.0	0.0	0
255.0	0.0	0
265.0	0.0	0
275.0	0.0	0
285.0	0.0	0
295.0	0.0	0
305.0	0.0	0
315.0	0.0	0
325.0	0.0	0
335.0	0.0	0
345.0	0.0	0
355.0	0.0	0
365.0	0.0	0
375.0	0.0	0
385.0	0.0	0
395.0	0.0	0
405.0	0.0	0
415.0	0.0	0
425.0	0.0	0
435.0	0.0	0
445.0	0.0	0
455.0	0.0	0
465.0	0.0	0
475.0	0.0	0
485.0	0.0	0
495.0	0.0	0
505.0	0.0	0
515.0	0.0	0
525.0	0.0	0
535.0	0.0	0
545.0	0.0	0
555.0	0.0	0
565.0	0.0	0
575.0	0.0	0
585.0	0.0	0
595.0	0.0	0
605.0	0.0	0
615.0	0.0	0
625.0	0.0	0
635.0	0.12335744389771676	0
645.0	0.3366758161788639	0
655.0	0.6607758653395678	0
665.0	1.1504607161492688	0
675.0	1.8779392549231861	0
685.0	2.9262943481758223	0
695.0	4.482372183631488	0
705.0	6.4662434253763	0
715.0	9.067543222734322	0
725.0	12.389417016393361	0
735.0	16.502820566120494	0
745.0	21.43203281258048	0
755.0	27.174431176315032	0
765.0	33.65808264991452	0
775.0	40.76075595777098	0
785.0	48.31357531376505	0
795.0	56.126433899651595	0
805.0	63.935958098105836	0
815.0	71.5284235140461	0
825.0	78.70096721461012	0
835.0	85.14392003637822	0
845.0	90.79740644440682	0
855.0	95.55393985826842	0
865.0	99.42076427178003	0
875.0	102.39934523960765	0
885.0	104.56618455838492	0
895.0	106.02867611696827	0
905.0	106.87926213629862	0
915.0	107.27233578547991	0
925.0	107.312015211682	0
935.0	107.08950425998583	0
945.0	106.69214773808673	0
955.0	106.25347476738052	0
965.0	105.71190159986033	0
975.0	105.02281931980158	0
985.0	104.35505191144111	0
995.0	103.7493059154859	0
1005.0	103.16023651330694	0
1015.0	102.56204431626749	0
1025.0	101.95226126035402	0
1035.0	101.30670961948661	0
1045.0	100.75752546675952	0
1055.0	100.01237970591549	0
1065.0	99.23536050423726	0
1075.0	98.41746763708657	0
1085.0	97.63358658006585	0
1095.0	96.73481882791751	0
1105.0	95.85238966792159	0
1115.0	94.97556271806386	0
1125.0	94.10699023803171	0
1135.0	93.29952438151474	0
1145.0	92.53043374206558	0
1155.0	91.76850644628155	0
1165.0	91.09714903632018	0
1175.0	90.42876262474454	0
1185.0	89.8660178175232	0
1195.0	89.48068667118069	0
1205.0	89.02081473399727	0
1215.0	88.60790557184654	0
1225.0	88.24731614131049	0
1235.0	87.89357329854906	0
1245.0	87.54331259865654	0
1255.0	87.25464066191923	0
1265.0	87.00378990201648	0
1275.0	86.77208653272376	0
1285.0	86.58503244854133	0
1295.0	86.41844836643772	0
1305.0	86.25992821532222	0
1315.0	86.15503732212665	0
1325.0	86.04314872974952	0
1335.0	85.91744602804532	0
1345.0	85.87511177540075	0
1355.0	85.73374506731271	0
1365.0	85.58260873036825	0
1375.0	85.38082833614781	0
1385.0	85.1656267476136	0
1395.0	84.91169965186599	0
1405.0	84.64292862441853	0
1415.0	84.36273027908929	0
1425.0	84.06508774285336	0
1435.0	83.78592871399215	0
1445.0	83.49230682150717	0
1455.0	83.20028897694542	0
1465.0	82.88956063354308	0
1475.0	82.56138564030792	0
1485.0	82.19061596249132	0
1495.0	81.9344208785146	0
1505.0	81.60929428662496	0
1515.0	81.22711030174317	0
1525.0	80.79061219245969	0
1535.0	80.33364450676756	0
1545.0	79.87140572737394	0
1555.0	79.35571139273914	0
1565.0	78.8348432063041	0
1575.0	78.33324072642974	0
1585.0	77.81731017649473	0
1595.0	77.3521180570394	0
1605.0	76.86013096327703	0
1615.0	76.38714286510333	0
1625.0	75.95896002374614	0
1635.0	75.55735837059899	0
1645.0	75.27243867429459	0
1655.0	75.05956345322244	0
1665.0	74.8210608983547	0
1675.0	74.64477665795017	0
1685.0	74.51857430972211	0
1695.0	74.44009760503393	0
1705.0	74.40040647808952	0
1715.0	74.42254630032565	0
1725.0	74.49424821688339	0
1735.0	74.57917632956557	0
1745.0	74.70877808596825	0
1755.0	74.82740959158204	0
1765.0	74.99962168434932	0
1775.0	75.17263313570027	0
1785.0	75.34722151767987	0
1795.0	75.54480933547875	0
1805.0	75.7314723759439	0
1815.0	75.95570673832006	0
1825.0	76.10422327398747	0
1835.0	76.23157164641245	0
1845.0	76.34410036230351	0
1855.0	76.432162708879	0
1865.0	76.51846971982015	0
1875.0	76.58392768491414	0
1885.0	76.60536191257565	0
1895.0	76.5926246027345	0
1905.0	76.56334186124941	0
1915.0	76.50162345099035	0
1925.0	76.4122183128808	0
1935.0	76.28666212210663	0
1945.0	76.15240915098384	0
1955.0	75.95697287486055	0
1965.0	75.75329671701428	0
1975.0	75.58492484631942	0
1985.0	75.32316412336623	0
1995.0	75.04804325225629	0
2005.0	74.75743049366714	0
2015.0	74.42025758204046	0
2025.0	74.09135121076585	0
2035.0	73.73523923925633	0
2045.0	73.39489794478943	0
2055.0	73.04303818466008	0
2065.0	72.67879571830483	0
2075.0	72.32157646522019	0
2085.0	71.98068800621208	0
2095.0	71.66382729126587	0
2105.0	71.33824180171858	0
2115.0	71.00450767873525	0
2125.0	70.68869381805698	0
2135.0	70.45231035173583	0
2145.0	70.162732765735	0
2155.0	69.89655750881495	0
2165.0	69.64974911339264	0
2175.0	69.40425906704391	0
2185.0	69.18704243483072	0
2195.0	68.96677194798477	0
2205.0	68.77284301357233	0
2215.0	68.58681708901473	0
2225.0	68.41079345229363	0
2235.0	68.22233162501799	0
2245.0	68.05390520675336	0
2255.0	67.91251492901111	0
2265.0	67.73154391617041	0
2275.0	67.5514494615521	0
2285.0	67.38393002615737	0
2295.0	67.22797253194403	0
2305.0	67.10817651136722	0
2315.0	66.91572922758124	0
2325.0	66.72520795328968	0
2335.0	66.52271594802698	0
2345.0	66.32860685622238	0
2355.0	66.14572856119567	0
2365.0	65.95176976937742	0
2375.0	65.7631386485932	0
2385.0	65.56499481427048	0
2395.0	65.37890007642609	0
2405.0	65.22452690584382	0
2415.0	65.09524746967551	0
2425.0	64.94368701200352	0
2435.0	64.79436818755269	0
2445.0	64.67890432637793	0
2455.0	64.56997399232824	0
2465.0	64.48768647051189	0
2475.0	64.46551978143381	0
2485.0	64.41834336706145	0
2495.0	64.3750212377765	0
2505.0	64.36110678946066	0
2515.0	64.35698546638052	0
2525.0	64.38658838934164	0
2535.0	64.41938661483789	0
2545.0	64.4621571583014	0
2555.0	64.53180981581644	0
2565.0	64.60269118147237	0
2575.0	64.65692225721799	0
2585.0	64.68487989616695	0
2595.0	64.70929227253734	0
2605.0	64.73522872920607	0
2615.0	64.72991139576757	0
2625.0	64.71216107035866	0
2635.0	64.67137294705391	0
2645.0	64.64620721055674	0
2655.0	64.5591811606252	0
2665.0	64.4501950741975	0
2675.0	64.315982286004	0
2685.0	64.16920693456916	0
2695.0	63.99924116095156	0
2705.0	63.82014360849276	0
2715.0	63.616678540571186	0
2725.0	63.43879755402232	0
2735.0	63.2435025487959	0
2745.0	63.02459152563568	0
2755.0	62.82433631693065	0
2765.0	62.61870312792635	0
2775.0	62.40964649181643	0
2785.0	62.2046429173633	0
2795.0	62.01644214590316	0
2805.0	61.82769619974812	0
2815.0	61.652288532163645	0
2825.0	61.50997794738235	0
2835.0	61.33712356689905	0
2845.0	61.18179151585481	0
2855.0	61.02487454192661	0
2865.0	60.86745356024365	0
2875.0	60.72721945747588	0
2885.0	60.619922106146426	0
2895.0	60.50449997546924	0
2905.0	60.39365073611955	0
2915.0	60.31176975438816	0
2925.0	60.21637702879201	0
2935.0	60.13061798666535	0
2945.0	60.06596313699209	0
2955.0	60.01072952273817	0
2965.0	59.96849141996226	0
2975.0	59.932222852646866	0
2985.0	59.90941879879778	0
2995.0	59.90237165425557	0
3005.0	59.93610793383178	0
3015.0	59.93570683544504	0
3025.0	59.94613270000265	0
3035.0	59.96565392269169	0
3045.0	59.976432738814424	0
3055.0	60.022439889946824	0
3065.0	60.034776754431206	0
3075.0	60.04710520366489	0
3085.0	60.06458896947625	0
3095.0	60.08106242604807	0
3105.0	60.087187813338	0
3115.0	60.0899371073933	0
3125.0	60.08806193299095	0
3135.0	60.085233627522804	0
3145.0	60.058813023207684	0
3155.0	60.03761485377685	0
3165.0	60.01561643150818	0
3175.0	60.025330633056306	0
3185.0	59.98423384411871	0
3195.0	59.938409995064745	0
3205.0	59.87923054599731	0
3215.0	59.852899557211394	0
3225.0	59.78939493205248	0
3235.0	59.736684640854264	0
3245.0	59.678667681869825	0
3255.0	59.621775429311064	0
3265.0	59.56631677288205	0
3275.0	59.5092926194129	0
3285.0	59.458255327244224	0
3295.0	59.42219006352945	0
3305.0	59.388322168651605	0
3315.0	59.35451267874983	0
3325.0	59.34040992937878	0
3335.0	59.32912567383299	0
3345.0	59.312063967275854	0
3355.0	59.35176350787059	0
3365.0	59.37100698489069	0
3375.0	59.384743040776186	0
3385.0	59.423187887661996	0
3395.0	59.43426490475997	0
3405.0	59.4633764743192	0
3415.0	59.4771072063477	0
3425.0	59.486455145569536	0
3435.0	59.49782746703	0
3445.0	59.50716764947663	0
3455.0	59.50833402484934	0
3465.0	59.504952839497406	0
3475.0	59.47654741362617	0
3485.0	59.430793122592334	0
3495.0	59.38376951543886	0
3505.0	59.32390073213901	0
3515.0	59.248815134546504	0
3525.0	59.145168512103545	0
3535.0	59.06588701747104	0
3545.0	58.966719227732945	0
3555.0	58.84609687545459	0
3565.0	58.71604598384616	0
3575.0	58.561132137939076	0
3585.0	58.4027571451296	0
3595.0	58.238928799858655	0
3605.0	58.07418611209865	0
3615.0	57.90474415791851	0
3625.0	57.731680704455	0
3635.0	57.55901252970358	0
3645.0	57.37871093083536	0
3655.0	57.20360951659152	0
3665.0	57.03968192899971	0
3675.0	56.87455732593506	0
3685.0	56.71708186205505	0
3695.0	56.566498034967914	0
3705.0	56.42808430454554	0
3715.0	56.3054984090712	0
3725.0	56.210844280619234	0
3735.0	56.0914312557581	0
3745.0	55.98366229317998	0
3755.0	55.88528122097535	0
3765.0	55.78704956037992	0
3775.0	55.70490351072878	0
3785.0	55.61431653776321	0
3795.0	55.55080594731021	0
3805.0	55.48257788780613	0
3815.0	55.41182376479138	0
3825.0	55.35747006294617	0
3835.0	55.298565627972145	0
3845.0	55.24699776265954	0
3855.0	55.17110906930756	0
3865.0	55.109541835934515	0
3875.0	55.0584701970408	0
3885.0	55.02094127680965	0
3895.0	54.94408639086665	0
3905.0	54.901354401573734	0
3915.0	54.83380899340707	0
3925.0	54.75789547853205	0
3935.0	54.678396150530816	0
3945.0	54.59051760702643	0
3955.0	54.5012155056391	0
3965.0	54.41248806230322	0
3975.0	54.32402543450376	0
3985.0	54.24889207469895	0
3995.0	54.16992506517466	0
4005.0	54.08394851327612	0
4015.0	54.00842792667675	0
4025.0	53.939666263063955	0
4035.0	53.88865813078564	0
4045.0	53.84560078007482	0
4055.0	53.81774619939857	0
4065.0	53.78230226017398	0
4075.0	53.761464756504594	0
4085.0	53.75924417468579	0
4095.0	53.78474275240433	0
4105.0	53.80556548887189	0
4115.0	53.84196876086384	0
4125.0	53.87313905635369	0
4135.0	53.93245282394055	0
4145.0	54.00276325602318	0
4155.0	54.06997620298037	0
4165.0	54.15435887867838	0
4175.0	54.24302120067467	0
4185.0	54.34849167018615	0
4195.0	54.476834472905026	0
4205.0	54.602175088125215	0
4215.0	54.74041823775176	0
4225.0	54.90227304311192	0
4235.0	55.03423766009689	0
4245.0	55.18815906699264	0
4255.0	55.349372650267874	0
4265.0	55.4976293944442	0
4275.0	55.67465204485131	0
4285.0	55.814586238904134	0
4295.0	55.959667452892205	0
4305.0	56.09014541670777	0
4315.0	56.22529437562469	0
4325.0	56.35821335020312	0
4335.0	56.474943961182404	0
4345.0	56.58524592876296	0
4355.0	56.67056820149796	0
4365.0	56.7631374633401	0
4375.0	56.834338413384764	0
4385.0	56.88988385429405	0
4395.0	56.961344272104284	0
4405.0	56.98936310582857	0
4415.0	57.01622358004929	0
4425.0	57.016773668509764	0
4435.0	57.01376101320107	0
4445.0	56.99846886779882	0
4455.0	56.97422656065371	0
4465.0	56.9536524908165	0
4475.0	56.896787646773866	0
4485.0	56.8298823937104	0
4495.0	56.75689461855655	0
4505.0	56.67702558489307	0
4515.0	56.58163487968007	0
4525.0	56.48845678145229	0
4535.0	56.37323507197965	0
4545.0	56.26556606198287	0
4555.0	56.13751371442018	0
4565.0	56.01840357204809	0
4575.0	55.89462689976964	0
4585.0	55.76578323966809	0
4595.0	55.630138215542814	0
4605.0	55.49417874600166	0
4615.0	55.36461977811539	0
4625.0	55.22674010339562	0
4635.0	55.08129558218605	0
4645.0	54.94406024417684	0
4655.0	54.82550056578966	0
4665.0	54.68831066327985	0
4675.0	54.54860424151233	0
4685.0	54.417261105149656	0
4695.0	54.287006127318804	0
4705.0	54.15945976031921	0
4715.0	54.04477315094012	0
4725.0	53.925574960923235	0
4735.0	53.81882298044582	0
4745.0	53.73241778089031	0
4755.0	53.624270793141086	0
4765.0	53.52345067045895	0
4775.0	53.433528336968415	0
4785.0	53.345460491284975	0
4795.0	53.263706104910696	0
4805.0	53.189759566956845	0
4815.0	53.114783941070385	0
4825.0	53.05144534816604	0
4835.0	52.99623598939296	0
4845.0	52.966373021294125	0
4855.0	52.91463632300917	0
4865.0	52.86500808764086	0
4875.0	52.82823710610199	0
4885.0	52.793447277532344	0
4895.0	52.76288080190164	0
4905.0	52.73400319883404	0
4915.0	52.72407572126244	0
4925.0	52.71615378542563	0
4935.0	52.69769186411795	0
4945.0	52.67823224209708	0
4955.0	52.67873047390921	0
4965.0	52.669324078884394	0
4975.0	52.67067100543004	0
4985.0	52.669836609350206	0
4995.0	52.66619243759267	0
5005.0	52.675763974674254	0
5015.0	52.67354813309219	0
5025.0	52.67635129644947	0
5035.0	52.711986435714195	0
5045.0	52.72098954189662	0
5055.0	52.735219093916754	0
5065.0	52.74524348476148	0
5075.0	52.75287899455785	0
5085.0	52.7688679699607	0
5095.0	52.78789795359088	0
5105.0	52.80661788698988	0
5115.0	52.80604979959281	0
5125.0	52.811377188994456	0
5135.0	52.80936537300645	0
5145.0	52.799966620228815	0
5155.0	52.793619191429755	0
5165.0	52.77949711844235	0
5175.0	52.77489874323824	0
5185.0	52.74737533539736	0
5195.0	52.73222766228195	0
5205.0	52.71394087799173	0
5215.0	52.68832605125504	0
5225.0	52.685676727162736	0
5235.0	52.65229254809897	0
5245.0	52.63167087387769	0
5255.0	52.60425539353558	0
5265.0	52.59142442218657	0
5275.0	52.556997454705375	0
5285.0	52.527348007381676	0
5295.0	52.505586935813426	0
5305.0	52.48161362399969	0
5315.0	52.46700967729963	0
5325.0	52.4435015640229	0
5335.0	52.42044472007768	0
5345.0	52.40985545786278	0
5355.0	52.40440550036163	0
5365.0	52.390388388990985	0
5375.0	52.39407824478446	0
5385.0	52.399772941913746	0
5395.0	52.40402790781447	0
5405.0	52.408189163670585	0
5415.0	52.43802505916188	0
5425.0	52.4504072314669	0
5435.0	52.46038545628564	0
5445.0	52.480345847556606	0
5455.0	52.493332460879955	0
5465.0	52.49642759491655	0
5475.0	52.506857522634654	0
5485.0	52.517140389681856	0
5495.0	52.52587411334793	0
5505.0	52.53053325586813	0
5515.0	52.536147964993276	0
5525.0	52.53019316458887	0
5535.0	52.52508057648102	0
5545.0	52.51816956863505	0
5555.0	52.50997536890009	0
5565.0	52.48834839637196	0
5575.0	52.46518837321195	0
5585.0	52.440776906435254	0
5595.0	52.41284634345684	0
5605.0	52.38453401275595	0
5615.0	52.38228158451445	0
5625.0	52.33695981340964	0
5635.0	52.300106053271755	0
5645.0	52.25270205130192	0
5655.0	52.20590935366036	0
5665.0	52.15554044650258	0
5675.0	52.10672244504137	0
5685.0	52.055297003609	0
5695.0	52.002132823332616	0
5705.0	51.95129431208762	0
5715.0	51.89711148832235	0
5725.0	51.85251808199917	0
5735.0	51.804923345876006	0
5745.0	51.759223538717784	0
5755.0	51.71091280995096	0
5765.0	51.665884537069644	0
5775.0	51.62605872739811	0
5785.0	51.58059909575968	0
5795.0	51.55141918848931	0
5805.0	51.53575412278026	0
5815.0	51.50224172658739	0
5825.0	51.4661242906859	0
5835.0	51.43338846839587	0
5845.0	51.40459431883767	0
5855.0	51.37092987962038	0
5865.0	51.343742222590286	0
5875.0	51.309803847295704	0
5885.0	51.276966549660436	0
5895.0	51.25063379477296	0
5905.0	51.218514876408165	0
5915.0	51.188314972377405	0
5925.0	51.153804453567375	0
5935.0	51.11430155563478	0
5945.0	51.079135792714474	0
5955.0	51.04023282599587	0
5965.0	50.98908568326596	0
5975.0	50.95737030411695	0
5985.0	50.902648030113646	0
5995.0	50.85610950028493	0
6005.0	50.826336706262225	0
6015.0	50.77807152761521	0
6025.0	50.716359523465066	0
6035.0	50.66080101775459	0
6045.0	50.604754849361186	0
6055.0	50.54781788673646	0
6065.0	50.49200113165558	0
6075.0	50.433108100136344	0
6085.0	50.36606877194247	0
6095.0	50.302195683092584	0
6105.0	50.24482023941356	0
6115.0	50.17696829317975	0
6125.0	50.113586899421065	0
6135.0	50.057163003064375	0
6145.0	49.99176319640387	0
6155.0	49.94572951079659	0
6165.0	49.88479616991415	0
6175.0	49.829971280274265	0
6185.0	49.775171425116646	0
6195.0	49.73828530483965	0
6205.0	49.69140055630457	0
6215.0	49.64349492357927	0
6225.0	49.59125879843331	0
6235.0	49.54816093367132	0
6245.0	49.508822062433225	0
6255.0	49.465338040832215	0
6265.0	49.42829557010579	0
6275.0	49.39574346149012	0
6285.0	49.34973646147869	0
6295.0	49.31428428353481	0
6305.0	49.28293905453472	0
6315.0	49.2431929434718	0
6325.0	49.205066053387846	0
6335.0	49.18374972157816	0
6345.0	49.15471439150847	0
6355.0	49.11710548627485	0
6365.0	49.0856081514156	0
6375.0	49.05184587175564	0
6385.0	49.01993361681204	0
6395.0	49.00506245154443	0
6405.0	48.96895183894511	0
6415.0	48.935718400785525	0
6425.0	48.91271866025885	0
6435.0	48.88217718211446	0
6445.0	48.84823985385675	0
6455.0	48.81557279857717	0
6465.0	48.78657873868355	0
6475.0	48.75396228656366	0
6485.0	48.72636209886833	0
6495.0	48.7004729303675	0
6505.0	48.67406744888666	0
6515.0	48.656648617510385	0
6525.0	48.635806110078306	0
6535.0	48.61805040613769	0
6545.0	48.61113967835209	0
6555.0	48.59045378266311	0
6565.0	48.57434326764945	0
6575.0	48.563951490920495	0
6585.0	48.57446031944921	0
6595.0	48.57097807667844	0
6605.0	48.565505028991204	0
6615.0	48.563630970125864	0
6625.0	48.562637689584044	0
6635.0	48.56105875653928	0
6645.0	48.56390118858631	0
6655.0	48.562553561966304	0
6665.0	48.56409619738121	0
6675.0	48.56837402883215	0
6685.0	48.56906727410901	0
6695.0	48.58477874690439	0
6705.0	48.58449395071174	0
6715.0	48.59410392145963	0
6725.0	48.59815563363662	0
6735.0	48.60296126914731	0
6745.0	48.59962108637412	0
6755.0	48.60184396021066	0
6765.0	48.606740888201344	0
6775.0	48.603644077998624	0
6785.0	48.615494799965894	0
6795.0	48.6097642558747	0
6805.0	48.60158014227757	0
6815.0	48.59439296349191	0
6825.0	48.584012233175834	0
6835.0	48.5755540152631	0
6845.0	48.561926989311544	0
6855.0	48.54839673654546	0
6865.0	48.53382152707557	0
6875.0	48.53140963676962	0
6885.0	48.515504432738055	0
6895.0	48.49339365486267	0
6905.0	48.47681731733745	0
6915.0	48.45502390341036	0
6925.0	48.43953516056493	0
6935.0	48.420044012944395	0
6945.0	48.402258222843855	0
6955.0	48.38638262653562	0
6965.0	48.37343753188988	0
6975.0	48.35931799575173	0
6985.0	48.356275697353915	0
6995.0	48.34009657236261	0
7005.0	48.330053426748	0
7015.0	48.31729250661391	0
7025.0	48.304062811439266	0
7035.0	48.29129054530349	0
7045.0	48.28637577064379	0
7055.0	48.297947459379124	0
7065.0	48.29616976113872	0
7075.0	48.291130932451644	0
7085.0	48.29303775323339	0
7095.0	48.29458926787611	0
7105.0	48.30171232306742	0
7115.0	48.30673553604796	0
7125.0	48.31613814207834	0
7135.0	48.33097774271975	0
7145.0	48.34165742494441	0
7155.0	48.34912101611382	0
7165.0	48.368150705952104	0
7175.0	48.38492768731714	0
7185.0	48.418777913066116	0
7195.0	48.437541979651925	0
7205.0	48.46083929977873	0
7215.0	48.48054380895075	0
7225.0	48.50431860786773	0
7235.0	48.541291073910955	0
7245.0	48.56136641212667	0
7255.0	48.584809217904336	0
7265.0	48.60410365901376	0
7275.0	48.62388521338165	0
7285.0	48.643903031809224	0
7295.0	48.666611467862865	0
7305.0	48.68844629778723	0
7315.0	48.71080077541964	0
7325.0	48.73299339899013	0
7335.0	48.749751372329094	0
7345.0	48.76750132740181	0
7355.0	48.78332246708271	0
7365.0	48.794318243244305	0
7375.0	48.809611681066784	0
7385.0	48.834070611235006	0
7395.0	48.84522444242993	0
7405.0	48.84555402033245	0
7415.0	48.86527094737226	0
7425.0	48.8704798245862	0
7435.0	48.87292846974492	0
7445.0	48.87299756281641	0
7455.0	48.86576610350321	0
7465.0	48.858723179662704	0
7475.0	48.849761917472456	0
7485.0	48.83338657469261	0
7495.0	48.8209310884112	0
7505.0	48.804567974284666	0
7515.0	48.791668604900245	0
7525.0	48.77325066799191	0
7535.0	48.75610166710531	0
7545.0	48.73122579803906	0
7555.0	48.70686527426432	0
7565.0	48.67772205442936	0
7575.0	48.64914948333547	0
7585.0	48.63426950032596	0
7595.0	48.61666882908519	0
7605.0	48.58624990049321	0
7615.0	48.55260052770961	0
7625.0	48.513689335146736	0
7635.0	48.48187181221616	0
7645.0	48.452837570423256	0
7655.0	48.41835040405616	0
7665.0	48.381256675073814	0
7675.0	48.34722328527384	0
7685.0	48.31648967678912	0
7695.0	48.28331333913365	0
7705.0	48.25530589711633	0
7715.0	48.22875280899738	0
7725.0	48.20218328972968	0
7735.0	48.17046329898788	0
7745.0	48.14323427804256	0
7755.0	48.11408744587276	0
7765.0	48.09204333616683	0
7775.0	48.080486055583336	0
7785.0	48.075812496344206	0
7795.0	48.05991732387229	0
7805.0	48.0441116816658	0
7815.0	48.027788698410156	0
7825.0	48.017395125283294	0
7835.0	48.010379450474346	0
7845.0	48.01135895157745	0
7855.0	48.012361055451066	0
7865.0	48.00792414648312	0
7875.0	48.01321893455229	0
7885.0	48.02440202000215	0
7895.0	48.038239659818295	0
7905.0	48.0494139504602	0
7915.0	48.066251562179154	0
7925.0	48.09113548531566	0
7935.0	48.112777438795774	0
7945.0	48.141536071883365	0
7955.0	48.168822048837434	0
7965.0	48.20977006769515	0
7975.0	48.24509135362328	0
7985.0	48.294658302685	0
7995.0	48.33895032620953	0
8005.0	48.38306836334094	0
8015.0	48.428606952468755	0
8025.0	48.476059495670874	0
8035.0	48.5221320256545	0
8045.0	48.57256595647546	0
8055.0	48.6266811884976	0
8065.0	48.679608308645065	0
8075.0	48.73558200244765	0
8085.0	48.79367211241946	0
8095.0	48.848331766639724	0
8105.0	48.91097098013399	0
8115.0	48.97037417163459	0
8125.0	49.02709518830846	0
8135.0	49.0886139409522	0
8145.0	49.1538669745904	0
8155.0	49.211674896214284	0
8165.0	49.27064194381532	0
8175.0	49.324678866332576	0
8185.0	49.3957820211193	0
8195.0	49.449801222147606	0
8205.0	49.49841321365999	0
8215.0	49.54994335584987	0
8225.0	49.59457342313291	0
8235.0	49.64080984637541	0
8245.0	49.68421574820627	0
8255.0	49.7205296630358	0
8265.0	49.75419409271915	0
8275.0	49.78197738889035	0
8285.0	49.80797901762103	0
8295.0	49.83416227741864	0
8305.0	49.85051989068621	0
8315.0	49.86371248681454	0
8325.0	49.88476987991998	0
8335.0	49.889955530759636	0
8345.0	49.89113578943817	0
8355.0	49.88601296614164	0
8365.0	49.88270837166113	0
8375.0	49.87364606541001	0
8385.0	49.87427371193276	0
8395.0	49.85727162177457	0
8405.0	49.836431050815975	0
8415.0	49.814098571413204	0
8425.0	49.787738272474655	0
8435.0	49.760596555195974	0
8445.0	49.727959394254256	0
8455.0	49.68759619952694	0
8465.0	49.65337893105861	0
8475.0	49.619111699786465	0
8485.0	49.58399912883146	0
8495.0	49.545737581218404	0
8505.0	49.50208019885343	0
8515.0	49.47014549899735	0
8525.0	49.42469178821519	0
8535.0	49.38355067803021	0
8545.0	49.34169281156759	0
8555.0	49.30185789449123	0
8565.0	49.26255590247579	0
8575.0	49.22300020964778	0
8585.0	49.193864032787886	0
8595.0	49.15673649102149	0
8605.0	49.11829055537375	0
8615.0	49.08364826148875	0
8625.0	49.052395378822425	0
8635.0	49.02802135649007	0
8645.0	49.003263239220395	0
8655.0	48.97905907883124	0
8665.0	48.955327798376665	0
8675.0	48.932603229535445	0
8685.0	48.915030570489655	0
8695.0	48.90956807607288	0
8705.0	48.894758068228626	0
8715.0	48.88202104377385	0
8725.0	48.8757127870559	0
8735.0	48.867159007925984	0
8745.0	48.86204606668622	0
8755.0	48.85969443152107	0
8765.0	48.85558354684697	0
8775.0	48.85346901786571	0
8785.0	48.865117990447544	0
8795.0	48.86663865505278	0
8805.0	48.87019654921615	0
8815.0	48.879248084517904	0
8825.0	48.88131773347422	0
8835.0	48.88552911799964	0
8845.0	48.89001595696166	0
8855.0	48.89566820225153	0
8865.0	48.901615776979696	0
8875.0	48.90843120847656	0
8885.0	48.924645877318376	0
8895.0	48.92878941344224	0
8905.0	48.928484906463616	0
8915.0	48.92794648659217	0
8925.0	48.93462461659022	0
8935.0	48.935914124947296	0
8945.0	48.93334305382037	0
8955.0	48.93318688696584	0
8965.0	48.93010085761969	0
8975.0	48.9240294585445	0
8985.0	48.93296371747155	0
8995.0	48.926140476967504	0
9005.0	48.91364626447899	0
9015.0	48.90102597089376	0
9025.0	48.88897081766465	0
9035.0	48.87705557557396	0
9045.0	48.86170249877958	0
9055.0	48.84671059132428	0
9065.0	48.83350501698007	0
9075.0	48.811981822678995	0
9085.0	48.79638967139068	0
9095.0	48.77957036263297	0
9105.0	48.75547474801777	0
9115.0	48.73422959565785	0
9125.0	48.713547931896784	0
9135.0	48.69071506217694	0
9145.0	48.664269752810654	0
9155.0	48.643168698887195	0
9165.0	48.61993748570054	0
9175.0	48.594775082860444	0
9185.0	48.57162526495458	0
9195.0	48.558662489406466	0
9205.0	48.538101818688546	0
9215.0	48.506589895476516	0
9225.0	48.48498013904765	0
9235.0	48.458098655944745	0
9245.0	48.43740125225256	0
9255.0	48.41415643602559	0
9265.0	48.38718296188927	0
9275.0	48.365369438083185	0
9285.0	48.338933582804934	0
9295.0	48.31200779776369	0
9305.0	48.283918385670326	0
9315.0	48.25657420138781	0
9325.0	48.228414691331565	0
9335.0	48.19932365776681	0
9345.0	48.16715345198332	0
9355.0	48.1384406138195	0
9365.0	48.10317277560904	0
9375.0	48.06562280960809	0
9385.0	48.029076282471685	0
9395.0	48.00556384408668	0
9405.0	47.96897168213013	0
9415.0	47.926982336083924	0
9425.0	47.87927020841636	0
9435.0	47.84641236908375	0
9445.0	47.79994880026031	0
9455.0	47.75181605933009	0
9465.0	47.70904647046885	0
9475.0	47.657935174779766	0
9485.0	47.60529864833009	0
9495.0	47.55285603073544	0
9505.0	47.50323716204893	0
9515.0	47.449770856489025	0
9525.0	47.3933378247446	0
9535.0	47.33883885658231	0
9545.0	47.28150913895334	0
9555.0	47.2238149282857	0
9565.0	47.1684259680737	0
9575.0	47.110979708040276	0
9585.0	47.04964518458031	0
9595.0	47.0035168126534	0
9605.0	46.94228766626025	0
9615.0	46.88648309530742	0
9625.0	46.837558472756754	0
9635.0	46.78417004754374	0
9645.0	46.73328203456338	0
9655.0	46.67995430696274	0
9665.0	46.6274658182484	0
9675.0	46.58112994541038	0
9685.0	46.54025500085879	0
9695.0	46.49784165192242	0
9705.0	46.45943522754888	0
9715.0	46.42047471971191	0
9725.0	46.38854310282514	0
9735.0	46.364134902987324	0
9745.0	46.332552750986196	0
9755.0	46.30678385931251	0
9765.0	46.285782292642516	0
9775.0	46.27029133501045	0
9785.0	46.26504042066938	0
9795.0	46.259344069610144	0
9805.0	46.27458874991254	0
9815.0	46.27612923849508	0
9825.0	46.28091089216293	0
9835.0	46.28963996451411	0
9845.0	46.30189299418892	0
9855.0	46.31590883919593	0
9865.0	46.33665719845921	0
9875.0	46.35687975139829	0
9885.0	46.38392610992462	0
9895.0	46.40666617532128	0
9905.0	46.43316539084372	0
9915.0	46.467709177014584	0
9925.0	46.50176517856219	0
9935.0	46.53082318598286	0
9945.0	46.56563612990605	0
9955.0	46.60075253215388	0
9965.0	46.641256674177484	0
9975.0	46.68246051180206	0
9985.0	46.72035993967956	0
9995.0	46.77232316904937	0
10005.0	46.82401949786857	0
10015.0	46.862215775658605	0
10025.0	46.89858233512341	0
10035.0	46.93899117073388	0
10045.0	46.97771341493162	0
10055.0	47.01396871369603	0
10065.0	47.0502935044325	0
10075.0	47.08645949759225	0
10085.0	47.11871748589123	0
10095.0	47.14841344284892	0
10105.0	47.18011147573191	0
10115.0	47.21041941982892	0
10125.0	47.237336557928316	0
10135.0	47.25736759335512	0
10145.0	47.28541587817304	0
10155.0	47.30966086321306	0
10165.0	47.3263436896168	0
10175.0	47.35106024243788	0
10185.0	47.368186616478624	0
10195.0	47.38098774332951	0
10205.0	47.3934211227039	0
10215.0	47.416118235332625	0
10225.0	47.423964280074905	0
10235.0	47.431387164655426	0
10245.0	47.43852780455597	0
10255.0	47.44176530546628	0
10265.0	47.44276792781266	0
10275.0	47.44412721884226	0
10285.0	47.44730863822664	0
10295.0	47.44961906594858	0
10305.0	47.44342975926631	0
10315.0	47.44240858544423	0
10325.0	47.43049664467152	0
10335.0	47.422963201724485	0
10345.0	47.41708183455734	0
10355.0	47.40617645829214	0
10365.0	47.40402676226101	0
10375.0	47.39235380603746	0
10385.0	47.38281495004899	0
10395.0	47.36574360599528	0
10405.0	47.35225953533416	0
10415.0	47.34404829171407	0
10425.0	47.326361882577444	0
10435.0	47.31073049715904	0
10445.0	47.289625447520685	0
10455.0	47.26982953112495	0
10465.0	47.24915607817438	0
10475.0	47.22757011925888	0
10485.0	47.203074024471704	0
10495.0	47.18075944985208	0
10505.0	47.15943076628226	0
10515.0	47.131956147272945	0
10525.0	47.103100511369966	0
10535.0	47.07358531404763	0
10545.0	47.04313861137623	0
10555.0	47.02292977273457	0
10565.0	46.99518025131031	0
10575.0	46.96745948143556	0
10585.0	46.93219436836002	0
10595.0	46.89544803415217	0
10605.0	46.86494976119157	0
10615.0	46.84092922402171	0
10625.0	46.800404298811486	0
10635.0	46.76188341078439	0
10645.0	46.71879508474972	0
10655.0	46.67458246174978	0
10665.0	46.62993398152604	0
10675.0	46.58667559876442	0
10685.0	46.54288654341961	0
10695.0	46.491827012453946	0
10705.0	46.44294248864603	0
10715.0	46.39338799984442	0
10725.0	46.34297859013237	0
10735.0	46.29731246685285	0
10745.0	46.24309727926188	0
10755.0	46.1887408787464	0
10765.0	46.13119527756271	0
10775.0	46.06983871288409	0
10785.0	46.01130695948396	0
10795.0	45.949505681315934	0
10805.0	45.886490253949084	0
10815.0	45.82034277483332	0
10825.0	45.76535674807477	0
10835.0	45.695715290659265	0
10845.0	45.62745922207689	0
10855.0	45.560449091680425	0
10865.0	45.48956152103651	0
10875.0	45.41951677996092	0
10885.0	45.351688046665814	0
10895.0	45.281628402696434	0
10905.0	45.20340456642384	0
10915.0	45.13572969116599	0
10925.0	45.070851529640755	0
10935.0	44.99821264389487	0
10945.0	44.92604076943103	0
10955.0	44.854601465627844	0
10965.0	44.77917016054919	0
10975.0	44.71049428340834	0
10985.0	44.642765493238215	0
10995.0	44.57459465659013	0
11005.0	44.50802991989538	0
11015.0	44.4403163013288	0
11025.0	44.3722466321264	0
11035.0	44.31784668592377	0
11045.0	44.25232186280666	0
11055.0	44.18961220586903	0
11065.0	44.125989778394135	0
11075.0	44.066497736135084	0
11085.0	44.01271417097176	0
11095.0	43.95276101234006	0
11105.0	43.89803414815693	0
11115.0	43.847106625219304	0
11125.0	43.7964433899802	0
11135.0	43.74779601843191	0
11145.0	43.698104012098206	0
11155.0	43.6507302260746	0
11165.0	43.60786789230892	0
11175.0	43.566262830198625	0
11185.0	43.52309002711429	0
11195.0	43.486886841417146	0
11205.0	43.445406015493006	0
11215.0	43.40842284909203	0
11225.0	43.37494973527449	0
11235.0	43.35005212607705	0
11245.0	43.31568335757626	0
11255.0	43.28322556718934	0
11265.0	43.25337896328867	0
11275.0	43.22017504390425	0
11285.0	43.194376677214855	0
11295.0	43.169947096111606	0
11305.0	43.13943066778918	0
11315.0	43.115264505592144	0
11325.0	43.089084573125334	0
11335.0	43.06404414261763	0
11345.0	43.04086510065329	0
11355.0	43.01236450176759	0
11365.0	42.9834417592374	0
11375.0	42.96004843764531	0
11385.0	42.93413688979846	0
11395.0	42.90922121748864	0
11405.0	42.87904871586037	0
11415.0	42.85249708318967	0
11425.0	42.82710632658216	0
11435.0	42.79485404718132	0
11445.0	42.7736216973431	0
11455.0	42.74159181074977	0
11465.0	42.70887465706055	0
11475.0	42.68058961496707	0
11485.0	42.65591688042676	0
11495.0	42.62160596453255	0
11505.0	42.585097371484025	0
11515.0	42.55074576929453	0
11525.0	42.513050280239334	0
11535.0	42.472323273242424	0
11545.0	42.435176708709704	0
11555.0	42.3934829308489	0
11565.0	42.35339868248716	0
11575.0	42.307495868620634	0
11585.0	42.26440848863279	0
11595.0	42.216821203423756	0
11605.0	42.169198743507955	0
11615.0	42.11837632389568	0
11625.0	42.07489335155997	0
11635.0	42.02448638701775	0
11645.0	41.9851465877845	0
11655.0	41.93623822057646	0
11665.0	41.885236652241026	0
11675.0	41.84067922502042	0
11685.0	41.78663621240439	0
11695.0	41.73373827083506	0
11705.0	41.680041103007376	0
11715.0	41.62557028922241	0
11725.0	41.57237155753038	0
11735.0	41.51669065256019	0
11745.0	41.46096495913332	0
11755.0	41.40759058966414	0
11765.0	41.350435667789085	0
11775.0	41.2931583602943	0
11785.0	41.240665162113956	0
11795.0	41.184364159773274	0
11805.0	41.13422864664219	0
11815.0	41.07917123683414	0
11825.0	41.02654547883946	0
11835.0	40.97543942603028	0
11845.0	40.92360229396013	0
11855.0	40.881814071005905	0
11865.0	40.83813884462784	0
11875.0	40.788977162325686	0
11885.0	40.740999829600426	0
11895.0	40.69510677123538	0
11905.0	40.6497702989875	0
11915.0	40.60436689904227	0
11925.0	40.559433615105554	0
11935.0	40.515148070242	0
11945.0	40.47302194505447	0
11955.0	40.426888621264624	0
11965.0	40.38826980293666	0
11975.0	40.34643698639542	0
11985.0	40.31164119391518	0
11995.0	40.27026864230152	0
12005.0	40.23235155194339	0
12015.0	40.1989564565735	0
12025.0	40.16619351988648	0
12035.0	40.13967229701353	0
12045.0	40.11308803729829	0
12055.0	40.07893311636286	0
12065.0	40.057538918918674	0
12075.0	40.02932903620855	0
12085.0	39.9954732188765	0
12095.0	39.966916377720445	0
12105.0	39.93950009350654	0
12115.0	39.91380890230785	0
12125.0	39.88635040267555	0
12135.0	39.86028324090469	0
12145.0	39.83400698453967	0
12155.0	39.80768466988882	0
12165.0	39.78602692932327	0
12175.0	39.76297004891283	0
12185.0	39.73876926621755	0
12195.0	39.715364590371095	0
12205.0	39.691001859688434	0
12215.0	39.669144804781574	0
12225.0	39.64348410906032	0
12235.0	39.628128042897615	0
12245.0	39.60219231288467	0
12255.0	39.57937804612362	0
12265.0	39.562727560540424	0
12275.0	39.537900245833306	0
12285.0	39.513394070427466	0
12295.0	39.48479180289515	0
12305.0	39.45893753135783	0
12315.0	39.43374267378145	0
12325.0	39.40979254946861	0
12335.0	39.38565042641435	0
12345.0	39.36037942501807	0
12355.0	39.3313038283876	0
12365.0	39.303541393858985	0
12375.0	39.27748522511209	0
12385.0	39.2482719791143	0
12395.0	39.22028428673535	0
12405.0	39.1908307972931	0
12415.0	39.16236555469599	0
12425.0	39.140831301448436	0
12435.0	39.10880842139208	0
12445.0	39.08296876337559	0
12455.0	39.05497068626539	0
12465.0	39.02691169378999	0
12475.0	39.00690039625192	0
12485.0	38.97661447457408	0
12495.0	38.950744303700496	0
12505.0	38.92390690265866	0
12515.0	38.8950753558257	0
12525.0	38.869547983138744	0
12535.0	38.84357509831481	0
12545.0	38.81863506997799	0
12555.0	38.79178312755515	0
12565.0	38.76805207246989	0
12575.0	38.745815089917656	0
12585.0	38.723821691243494	0
12595.0	38.70336175089838	0
12605.0	38.684598985447415	0
12615.0	38.6694377590036	0
12625.0	38.64714429292725	0
12635.0	38.62990297968751	0
12645.0	38.608036959842785	0
12655.0	38.593337370210875	0
12665.0	38.577107780851094	0
12675.0	38.56295820425795	0
12685.0	38.55620700435807	0
12695.0	38.542437538034804	0
12705.0	38.5313091494967	0
12715.0	38.516150480878366	0
12725.0	38.50481797252252	0
12735.0	38.49682907534785	0
12745.0	38.489112528210505	0
12755.0	38.48005795396918	0
12765.0	38.47551817249822	0
12775.0	38.46868958963176	0
12785.0	38.46139914334461	0
12795.0	38.45579433989585	0
12805.0	38.45351588917163	0
12815.0	38.44850272103919	0
12825.0	38.44402262254291	0
12835.0	38.437868645506676	0
12845.0	38.432530492462774	0
12855.0	38.43091294873023	0
12865.0	38.42539572258819	0
12875.0	38.421093764984235	0
12885.0	38.42495671371677	0
12895.0	38.42288743572159	0
12905.0	38.422066284896246	0
12915.0	38.419877996928406	0
12925.0	38.41646801507841	0
12935.0	38.41048777186125	0
12945.0	38.40748368927345	0
12955.0	38.40039739825497	0
12965.0	38.39470175101766	0
12975.0	38.389307105155694	0
12985.0	38.38273333870931	0
12995.0	38.38005193077893	0
13005.0	38.372160498377966	0
13015.0	38.36245821431582	0
13025.0	38.35195897853715	0
13035.0	38.34395183876848	0
13045.0	38.334893931140506	0
13055.0	38.31975742175328	0
13065.0	38.31115088381498	0
13075.0	38.29408742778998	0
13085.0	38.282072910829996	0
13095.0	38.27737470980855	0
13105.0	38.26270943206861	0
13115.0	38.244426049468885	0
13125.0	38.22693053100397	0
13135.0	38.20667823352329	0
13145.0	38.1907291606884	0
13155.0	38.1698025494742	0
13165.0	38.147411946736185	0
13175.0	38.125331884679426	0
13185.0	38.109340156990754	0
13195.0	38.087288235799655	0
13205.0	38.05819161363196	0
13215.0	38.034902900768415	0
13225.0	38.00571289107697	0
13235.0	37.98020195582551	0
13245.0	37.947309174559756	0
13255.0	37.91597417837673	0
13265.0	37.88179533991207	0
13275.0	37.846526198733265	0
13285.0	37.8108565639063	0
13295.0	37.77536664729124	0
13305.0	37.746223323996155	0
13315.0	37.70916978171599	0
13325.0	37.67130410456814	0
13335.0	37.630110565879704	0
13345.0	37.59410613628737	0
13355.0	37.5522487996195	0
13365.0	37.51303310960111	0
13375.0	37.47192249777807	0
13385.0	37.42888173075924	0
13395.0	37.38720569735733	0
13405.0	37.34209209322623	0
13415.0	37.29973108384877	0
13425.0	37.25372778077913	0
13435.0	37.20883068653037	0
13445.0	37.16440108516988	0
13455.0	37.11880193180618	0
13465.0	37.07185729358647	0
13475.0	37.02868946394302	0
13485.0	36.98104203167068	0
13495.0	36.93408986987543	0
13505.0	36.891320274766805	0
13515.0	36.853189639214754	0
13525.0	36.80839773168752	0
13535.0	36.764334591550586	0
13545.0	36.72011166539224	0
13555.0	36.68211958650488	0
13565.0	36.63820036359863	0
13575.0	36.59712875652573	0
13585.0	36.555315348299196	0
13595.0	36.51419771322425	0
13605.0	36.47540941390079	0
13615.0	36.438324109136076	0
13625.0	36.3999737922687	0
13635.0	36.36474192354094	0
13645.0	36.32836192517065	0
13655.0	36.29682811780921	0
13665.0	36.262772358022545	0
13675.0	36.23003927873471	0
13685.0	36.19813506758816	0
13695.0	36.16795093188747	0
13705.0	36.140972538197076	0
13715.0	36.12170993063317	0
13725.0	36.096568259845355	0
13735.0	36.07287190865967	0
13745.0	36.056342393286606	0
13755.0	36.03597353941217	0
13765.0	36.01825839618801	0
13775.0	36.00195137557026	0
13785.0	35.987275666571236	0
13795.0	35.973260501517224	0
13805.0	35.95980559509484	0
13815.0	35.94260860308033	0
13825.0	35.93570911942386	0
13835.0	35.92572537498076	0
13845.0	35.91605129165197	0
13855.0	35.90921618500119	0
13865.0	35.90237244960777	0
13875.0	35.89413095932568	0
13885.0	35.890191886960665	0
13895.0	35.88503916740104	0
13905.0	35.881912334977194	0
13915.0	35.87770178350284	0
13925.0	35.88186458922453	0
13935.0	35.88534446574989	0
13945.0	35.88499540481693	0
13955.0	35.88395377167859	0
13965.0	35.88284586293345	0
13975.0	35.88004554475137	0
13985.0	35.88044201642873	0
13995.0	35.881292460946895	0
14005.0	35.8787299103985	0
14015.0	35.87702617102973	0
14025.0	35.87346259112823	0
14035.0	35.86798226170165	0
14045.0	35.86485532193018	0
14055.0	35.86315021680552	0
14065.0	35.859516476609194	0
14075.0	35.85487778439568	0
14085.0	35.84868321576713	0
14095.0	35.842913223874376	0
14105.0	35.83437075999415	0
14115.0	35.82641332015782	0
14125.0	35.82222607857513	0
14135.0	35.818276002659466	0
14145.0	35.80949249088118	0
14155.0	35.79879740858449	0
14165.0	35.78575541272006	0
14175.0	35.7709252327148	0
14185.0	35.75647275367884	0
14195.0	35.739360451749754	0
14205.0	35.72519745270955	0
14215.0	35.70463123831102	0
14225.0	35.68521491150384	0
14235.0	35.665578196713064	0
14245.0	35.642970103278614	0
14255.0	35.62085080937322	0
14265.0	35.59406401671764	0
14275.0	35.57158453018872	0
14285.0	35.54667573148046	0
14295.0	35.51655619485045	0
14305.0	35.4903535031446	0
14315.0	35.462706590194	0
14325.0	35.436079598353786	0
14335.0	35.4054090937913	0
14345.0	35.38030492601061	0
14355.0	35.34771635969509	0
14365.0	35.31685202637826	0
14375.0	35.28163026419983	0
14385.0	35.24847679068281	0
14395.0	35.21359454286505	0
14405.0	35.17902171914814	0
14415.0	35.14394812483389	0
14425.0	35.10863437101048	0
14435.0	35.071896452618354	0
14445.0	35.032470589609964	0
14455.0	34.99584197543995	0
14465.0	34.961333726138285	0
14475.0	34.920175172111726	0
14485.0	34.882447116658824	0
14495.0	34.843050295232956	0
14505.0	34.81062700848251	0
14515.0	34.77073983597996	0
14525.0	34.73523726614383	0
14535.0	34.699092085902905	0
14545.0	34.66297655858702	0
14555.0	34.63413107717261	0
14565.0	34.60123692492735	0
14575.0	34.56606157284248	0
14585.0	34.532929777317165	0
14595.0	34.49919641211255	0
14605.0	34.46456543607004	0
14615.0	34.431869179268546	0
14625.0	34.39933901817733	0
14635.0	34.36870237468295	0
14645.0	34.336113818863126	0
14655.0	34.30504623188503	0
14665.0	34.27442560092183	0
14675.0	34.24213387815115	0
14685.0	34.214022519800274	0
14695.0	34.19504919550046	0
14705.0	34.16998049060703	0
14715.0	34.14757679510372	0
14725.0	34.124394253007424	0
14735.0	34.098346070178955	0
14745.0	34.07573059353621	0
14755.0	34.0542103588351	0
14765.0	34.038739334253535	0
14775.0	34.01904283280953	0
14785.0	34.00178023402531	0
14795.0	33.98208398273576	0
14805.0	33.96424301413447	0
14815.0	33.94604172515986	0
14825.0	33.92967769596508	0
14835.0	33.914740552303556	0
14845.0	33.89644983843688	0
14855.0	33.883248397994315	0
14865.0	33.868714189191394	0
14875.0	33.85398532830252	0
14885.0	33.84614981469873	0
14895.0	33.834880881759275	0
14905.0	33.82424635750267	0
14915.0	33.81789318155559	0
14925.0	33.801933734413645	0
14935.0	33.79425234712355	0
14945.0	33.78439954996222	0
14955.0	33.77740049101723	0
14965.0	33.76684975966068	0
14975.0	33.764459908279825	0
14985.0	33.75592776944477	0
14995.0	33.74789020134449	0
15005.0	33.741149196160315	0
15015.0	33.73282902951053	0
15025.0	33.727164847813455	0
15035.0	33.72141312512373	0
15045.0	33.71838524965424	0
15055.0	33.71481022556274	0
15065.0	33.71026463834737	0
15075.0	33.71054850212003	0
15085.0	33.70738563961994	0
15095.0	33.70186205248975	0
15105.0	33.69582305139974	0
15115.0	33.68980916585323	0
15125.0	33.68656357848853	0
15135.0	33.6816933185615	0
15145.0	33.673160740288395	0
15155.0	33.66828599608169	0
15165.0	33.664331530999895	0
15175.0	33.66518485886975	0
15185.0	33.658060609577014	0
15195.0	33.65178657031124	0
15205.0	33.64557810978306	0
15215.0	33.63963794003849	0
15225.0	33.632003613184175	0
15235.0	33.620241808848405	0
15245.0	33.60824667547548	0
15255.0	33.59589053999798	0
15265.0	33.58066292042307	0
15275.0	33.5675687232251	0
15285.0	33.553851068064574	0
15295.0	33.53620074237966	0
15305.0	33.52160906797984	0
15315.0	33.50532604050268	0
15325.0	33.48484739850506	0
15335.0	33.4650606617411	0
15345.0	33.44463678058951	0
15355.0	33.42202986265833	0
15365.0	33.39866285565963	0
15375.0	33.37281079079881	0
15385.0	33.35183117785094	0
15395.0	33.325049693996775	0
15405.0	33.29506135001713	0
15415.0	33.264094683001055	0
15425.0	33.230955769595205	0
15435.0	33.19586451916894	0
15445.0	33.1567891299307	0
15455.0	33.11839943993738	0
15465.0	33.07496255241294	0
15475.0	33.029602402649026	0
15485.0	32.981259745106115	0
15495.0	32.93091711388236	0
15505.0	32.877945476797024	0
15515.0	32.82236515535981	0
15525.0	32.76448962556101	0
15535.0	32.70105182305325	0
15545.0	32.635995258623474	0
15555.0	32.567809340761016	0
15565.0	32.4955599262691	0
15575.0	32.42056898158844	0
15585.0	32.340264563991646	0
15595.0	32.26159147335832	0
15605.0	32.17322886143467	0
15615.0	32.08113229506122	0
15625.0	31.984690435921543	0
15635.0	31.884056662621727	0
15645.0	31.777609589279454	0
15655.0	31.666779044861794	0
15665.0	31.55213487921119	0
15675.0	31.43360104626153	0
15685.0	31.3059010153007	0
15695.0	31.1746089857819	0
15705.0	31.03915734282274	0
15715.0	30.89555711927185	0
15725.0	30.74889040614664	0
15735.0	30.596550217714434	0
15745.0	30.43658835132862	0
15755.0	30.27225517359099	0
15765.0	30.10162554301374	0
15775.0	29.924775731881063	0
15785.0	29.741310309891677	0
15795.0	29.550553828565928	0
15805.0	29.359696764189344	0
15815.0	29.156053593264964	0
15825.0	28.947363275715578	0
15835.0	28.73216334935824	0
15845.0	28.510551092995534	0
15855.0	28.281900759918976	0
15865.0	28.04564392636569	0
15875.0	27.802285663549814	0
15885.0	27.55391070906471	0
15895.0	27.298484962582332	0
15905.0	27.03636017235078	0
15915.0	26.76802264307643	0
15925.0	26.492001683900032	0
15935.0	26.210245066849865	0
15945.0	25.92021462692746	0
15955.0	25.625314299004582	0
15965.0	25.3246169056394	0
15975.0	25.015465643284845	0
15985.0	24.703517949546136	0
15995.0	24.38313692348277	0
16005.0	24.05822406228266	0
16015.0	23.73286538035596	0
16025.0	23.397488767513675	0
16035.0	23.057184224119176	0
16045.0	22.708591447316273	0
16055.0	22.35817592162485	0
16065.0	22.002778984626527	0
16075.0	21.64181403746083	0
16085.0	21.278516498198616	0
16095.0	20.912425690866858	0
16105.0	20.539804183176155	0
16115.0	20.167144740349162	0
16125.0	19.791446399841952	0
16135.0	19.411648737354366	0
16145.0	19.029943131193864	0
16155.0	18.644374242486077	0
16165.0	18.25912756464425	0
16175.0	17.870313693894296	0
16185.0	17.482785803798745	0
16195.0	17.09486542840844	0
16205.0	16.703213848771867	0
16215.0	16.31390220613545	0
16225.0	15.92965850027511	0
16235.0	15.541896979961093	0
16245.0	15.152674426286385	0
16255.0	14.765453963266467	0
16265.0	14.380636307094	0
16275.0	13.998895994324204	0
16285.0	13.617041958257456	0
16295.0	13.237995674102406	0
16305.0	12.862180037728441	0
16315.0	12.48885210920785	0
16325.0	12.118785673478001	0
16335.0	11.753579162084078	0
16345.0	11.390936395890769	0
16355.0	11.034303950002581	0
16365.0	10.682324453948768	0
16375.0	10.334933054171728	0
16385.0	9.989266088452261	0
16395.0	9.651599991549528	0
16405.0	9.318188214148151	0
16415.0	8.9897686710847	0
16425.0	8.667325991480833	0
16435.0	8.356452352706354	0
16445.0	8.046290125573536	0
16455.0	7.743502021583139	0
16465.0	7.446741197512785	0
16475.0	7.155736470725014	0
16485.0	6.871912266551192	0
16495.0	6.592924668650285	0
16505.0	6.3218232167313895	0
16515.0	6.058158114397283	0
16525.0	5.79994084804613	0
16535.0	5.550610631638	0
16545.0	5.308745036705812	0
16555.0	5.07215559116931	0
16565.0	4.841700882047047	0
16575.0	4.6201946585526175	0
16585.0	4.405997285285699	0
16595.0	4.1968491535881824	0
16605.0	3.9957919749661217	0
16615.0	3.802229783332138	0
16625.0	3.6139684614427203	0
16635.0	3.430899091731216	0
16645.0	3.2612690906812136	0
16655.0	3.092518330914742	0
16665.0	2.9304687199891486	0
16675.0	2.7741648364975706	0
16685.0	2.6254678833469876	0
16695.0	2.483174765625643	0
16705.0	2.3460202337222054	0
16715.0	2.2135185561761914	0
16725.0	2.088010217763846	0
16735.0	1.967984747315323	0
16745.0	1.8516080620785267	0
16755.0	1.7428469737599004	0
16765.0	1.6392293671941025	0
16775.0	1.5394580999266116	0
16785.0	1.4447625906075308	0
16795.0	1.3558348182816236	0
16805.0	1.2705522122076451	0
16815.0	1.1894111958833558	0
16825.0	1.1111083948834086	0
16835.0	1.0372110242835337	0
16845.0	0.9679815855966051	0
16855.0	0.9070500064427871	0
16865.0	0.8452680277871408	0
16875.0	0.787175543228473	0
16885.0	0.7316583204208211	0
16895.0	0.6769948112315133	0
16905.0	0.6298091295176151	0
16915.0	0.5832835216684814	0
16925.0	0.5399485721247603	0
16935.0	0.49783732359100064	0
16945.0	0.4604168034898135	0
16955.0	0.4251548237574704	0
16965.0	0.3906860023261619	0
16975.0	0.3598296382947009	0
16985.0	0.33066069936380865	0
16995.0	0.3040930677974495	0
17005.0	0.27754452759641385	0
17015.0	0.2523447675684728	0
17025.0	0.22799508462246756	0
17035.0	0.2072060939745425	0
17045.0	0.18755658762566874	0
17055.0	0.16942123149553956	0
17065.0	0.15738039704719725	0
17075.0	0.1417354333867717	0
17085.0	0.12707806454919143	0
17095.0	0.11374353353273772	0
17105.0	0.10208642849464014	0
17115.0	0.09033207036523376	0
17125.0	0.07986135696433833	0
17135.0	0.07099388214384464	0
17145.0	0.06210227382789373	0
17155.0	0.05429794946577634	0
17165.0	0.047086690376718886	0
17175.0	0.03917646576885089	0
17185.0	0.032996651779240584	0
17195.0	0.02799564542843086	0
17205.0	0.022115808868606993	0
17215.0	0.0158502136362263	0
17225.0	0.012488819785903106	0
17235.0	0.01152290475654868	0
17245.0	0.011481995024221196	0
17255.0	0.011434204901916354	0
17265.0	0.011379789488349517	0
17275.0	0.011319024128461289	0
17285.0	0.01125220349683388	0
17295.0	0.011179640600775018	0
17305.0	0.011101665707417795	0
17315.0	0.011018625199543424	0
17325.0	0.010930880365162826	0
17335.0	0.010838806126190748	0
17345.0	0.01074278971181139	0
17355.0	0.01064322928236604	0
17365.0	0.010540532509790377	0
17375.0	0.010435115120791079	0
17385.0	0.0103273994090782	0
17395.0	0.010217812723061142	0
17405.0	0.010106785935472418	0
17415.0	0.009994751901405205	0
17425.0	0.009882143911238669	0
17435.0	0.009769394144880102	0
17445.0	0.009656932133676414	0
17455.0	0.009545183236240555	0
17465.0	0.009434567134302737	0
17475.0	0.0093254963545335	0
17485.0	0.009218374822097457	0
17495.0	0.009113596451484882	0
17505.0	0.0090115437799353	0
17515.0	0.008912586648514622	0
17525.0	0.008817080935637597	0
17535.0	0.008725367347542161	0
17545.0	0.008637770269924069	0
17555.0	0.008554596684630714	0
17565.0	0.008476135154994669	0
17575.0	0.008402654883061822	0
17585.0	0.008334404841638185	0
17595.0	0.008271612983745173	0
17605.0	0.00821448553173722	0
17615.0	0.008163206347999323	0
17625.0	0.008117936388807555	0
17635.0	0.008200314692020401	0
17645.0	0.008177402285364267	0
17655.0	0.008161555715915005	0
17665.0	0.008152883072150851	0
17675.0	0.008151469865105563	0
17685.0	0.008157379010365475	0
17695.0	0.008170650889918982	0
17705.0	0.008191303492481943	0
17715.0	0.008219332630639311	0
17725.0	0.008254712232871638	0
17735.0	0.008297394708276019	0
17745.0	0.00834731138154439	0
17755.0	0.008404372995528611	0
17765.0	0.008468470278501599	0
17775.0	0.008539474573017078	0
17785.0	0.008617238523077823	0
17795.0	0.008701596816143351	0
17805.0	0.008792366976343531	0
17815.0	0.008889350205114239	0
17825.0	0.008992332265335546	0
17835.0	0.009101084404931953	0
17845.0	0.009215364315788089	0
17855.0	0.009334917123742233	0
17865.0	0.00945947640534451	0
17875.0	0.009588765227006071	0
17885.0	0.00972249720212136	0
17895.0	0.00986037756171682	0
17905.0	0.010002104234166937	0
17915.0	0.010147368929522496	0
17925.0	0.01029585822401644	0
17935.0	0.010447254640349814	0
17945.0	0.010601237719414694	0
17955.0	0.010757485079182002	0
17965.0	0.010915673456570685	0
17975.0	0.011075479728220181	0
17985.0	0.011236581906210961	0
17995.0	0.011398660104917673	0
18005.0	0.01156139747533626	0
18015.0	0.011724481103399763	0
18025.0	0.011887602868987244	0
18035.0	0.01205046026253583	0
18045.0	0.012212757156386755	0
18055.0	0.012374204528231639	0
18065.0	0.012534521134274617	0
18075.0	0.012693434129987923	0
18085.0	0.012850679636612754	0
18095.0	0.0130060032518416	0
18105.0	0.013159160503412657	0
18115.0	0.013309917244648735	0
18125.0	0.013458049991281841	0
18135.0	0.01360334619921796	0
18145.0	0.013745604483213268	0
18155.0	0.013884634776750952	0
18165.0	0.01402025843372547	0
18175.0	0.01415230827285596	0
18185.0	0.014280628566061526	0
18195.0	0.014405074972335258	0
18205.0	0.014525514418949888	0
18215.0	0.014510366792300911	0
18225.0	0.014633194918986781	0
18235.0	0.01475089186168089	0
18245.0	0.014863417291441867	0
18255.0	0.014970738436509716	0
18265.0	0.015072829754864191	0
18275.0	0.015169672578732377	0
18285.0	0.015261254734052408	0
18295.0	0.015347570138070882	0
18305.0	0.015428618378397992	0
18315.0	0.015504404276965257	0
18325.0	0.015574937442424806	0
18335.0	0.015640231814595666	0
18345.0	0.01570030520460088	0
18355.0	0.01575517883434882	0
18365.0	0.01580487687899309	0
18375.0	0.015849426015957558	0
18385.0	0.015888854984036957	0
18395.0	0.015923194155979595	0
18405.0	0.015952475127828023	0
18415.0	0.01597673032813677	0
18425.0	0.015995992650005085	0
18435.0	0.01601029510865835	0
18445.0	0.016019670527086242	0
18455.0	0.016024151252000504	0
18465.0	0.016023768902112767	0
18475.0	0.016018554150455028	0
18485.0	0.01600853654217484	0
18495.0	0.01599374434893614	0
18505.0	0.015974204460747644	0
18515.0	0.015949942315726495	0
18525.0	0.01592098186798781	0
18535.0	0.015887345593533657	0
18545.0	0.015849054533700536	0
18555.0	0.015806128375415198	0
18565.0	0.0157585855672069	0
18575.0	0.015706443469632857	0
18585.0	0.01564971853849484	0
18595.0	0.015588426538960663	0
18605.0	0.01552258278845717	0
18615.0	0.01545220242597298	0
18625.0	0.015377300705201397	0
18635.0	0.01529789330876823	0
18645.0	0.015213996680627328	0
18655.0	0.015125628373568923	0
18665.0	0.015032807408674341	0
18675.0	0.01493555464346493	0
18685.0	0.014833893145434433	0
18695.0	0.014727848567622378	0
18705.0	0.014617449522881267	0
18715.0	0.014502727953512633	0
18725.0	0.014383719492995377	0
18735.0	0.014260463816604034	0
18745.0	0.014133004977813462	0
18755.0	0.014001391727509114	0
18765.0	0.013865677813167018	0
18775.0	0.01372592225533362	0
18785.0	0.013582189598920994	0
18795.0	0.0134345501370358	0
18805.0	0.013283080105279182	0
18815.0	0.013127861844687123	0
18825.0	0.012968983931725	0
18835.0	0.012806541274003725	0
18845.0	0.012640635170645948	0
18855.0	0.01247137333649713	0
18865.0	0.012298869889645432	0
18875.0	0.012123245301984479	0
18885.0	0.011944626312821647	0
18895.0	0.011763145805799725	0
18905.0	0.011578942649659356	0
18915.0	0.01139216150362187	0
18925.0	0.011202952588414857	0
18935.0	0.01101147142419458	0
18945.0	0.010817878536838322	0
18955.0	0.01062233913428464	0
18965.0	0.010425022754788833	0
18975.0	0.010226102889133719	0
18985.0	0.010025756578990769	0
18995.0	0.009824163993763305	0
19005.0	0.00962150798836086	0
19015.0	0.00941797364445154	0
19025.0	0.009213747797817074	0
19035.0	0.009009018554492928	0
19045.0	0.008803974798413444	0
19055.0	0.008598805693299766	0
19065.0	0.008393700181526338	0
19075.0	0.008188846482680976	0
19085.0	0.007984431594494011	0
19095.0	0.007780640798755124	0
19105.0	0.007577657174762491	0
19115.0	0.00737566112275939	0
19125.0	0.007174829899708919	0
19135.0	0.006975337169639763	0
19145.0	0.006777352570665661	0
19155.0	0.0065810413006401605	0
19165.0	0.006386563723257514	0
19175.0	0.006194074996251557	0
19185.0	0.006003724723178685	0
19195.0	0.0058156566300997725	0
19205.0	0.005630008268300823	0
19215.0	0.005446910744014295	0
19225.0	0.005266488475924116	0
19235.0	0.00508885898105858	0
19245.0	0.004914132689497797	0
19255.0	0.004742412788147626	0
19265.0	0.0045737950936609656	0
19275.0	0.004408367954421112	0
19285.0	0.0042462121813417065	0
19295.0	0.003960971390553547	0
19305.0	0.003815445224071826	0
19315.0	0.0036726951462159965	0
19325.0	0.003532813241505573	0
19335.0	0.003395882215321037	0
19345.0	0.0032619755241364147	0
19355.0	0.0031311575324590463	0
19365.0	0.0030034836947962175	0
19375.0	0.0028790007609139977	0
19385.0	0.0027577470026108135	0
19395.0	0.0026397524601970805	0
19405.0	0.0025250392068520426	0
19415.0	0.0024136216290197576	0
19425.0	0.0023055067210073204	0
19435.0	0.0022006943919596436	0
19445.0	0.002099177783405761	0
19455.0	0.0020009435956013094	0
19465.0	0.0019059724209298274	0
19475.0	0.0018142390826713204	0
19485.0	0.001725712977499458	0
19495.0	0.0016403584201281237	0
19505.0	0.0015581349885932718	0
19515.0	0.0014789978687263184	0
19525.0	0.0014028981964500835	0
19535.0	0.0013297833966067988	0
19545.0	0.0012595975171093537	0
19555.0	0.0011922815572909884	0
19565.0	0.0011277737894145462	0
19575.0	0.00106601007238942	0
19585.0	0.001006924156832001	0
19595.0	0.000950447980693075	0
19605.0	0.000896511954762784	0
19615.0	0.000845045237449863	0
19625.0	0.0007959759983165269	0
19635.0	0.0007492316699330647	0
19645.0	0.0007047391876965907	0
19655.0	0.0006624252173360942	0
19665.0	0.00062221636990064	0
19675.0	0.0005840394040989716	0
19685.0	0.0005478214159266764	0
19695.0	0.0005134900155812242	0
19705.0	0.000480973491725461	0
19715.0	0.0004502009632163895	0
19725.0	0.0004211025184681858	0
19735.0	0.0003936093426663507	0
19745.0	0.00036765383309362865	0
19755.0	0.0003431697028678572	0
19765.0	0.00032009207342726065	0
19775.0	0.0002983575561299323	0
19785.0	0.0002779043233614396	0
19795.0	0.0002586721695677368	0
19805.0	0.00024060256265000273	0
19815.0	0.0002236386861737856	0
19825.0	0.00020772547285706212	0
19835.0	0.00019280962981071275	0
19845.0	0.00017883965601061478	0
19855.0	0.00016576585248328121	0
19865.0	0.00015354032568690222	0
19875.0	0.0001421169845669869	0
19885.0	0.00013145153176075133	0
19895.0	0.0	0
19905.0	0.0	0
19915.0	0.0	0
19925.0	0.0	0
19935.0	0.0	0
19945.0	0.0	0
19955.0	0.0	0
19965.0	0.0	0
19975.0	0.0	0
19985.0	0.0	0
19995.0	0.0	0
20005.0	0.0	0
20015.0	0.0	0
20025.0	0.0	0
20035.0	0.0	0
20045.0	0.0	0
20055.0	0.0	0
20065.0	0.0	0
20075.0	0.0	0
20085.0	0.0	0
20095.0	0.0	0
20105.0	0.0	0
20115.0	0.0	0
20125.0	0.0	0
20135.0	0.0	0
20145.0	0.0	0
20155.0	0.0	0
20165.0	0.0	0
20175.0	0.0	0
20185.0	0.0	0
20195.0	0.0	0
20205.0	0.0	0
20215.0	0.0	0
20225.0	0.0	0
20235.0	0.0	0
20245.0	0.0	0
20255.0	0.0	0
20265.0	0.0	0
20275.0	0.0	0
20285.0	0.0	0
20295.0	0.0	0
20305.0	0.0	0
20315.0	0.0	0
20325.0	0.0	0
20335.0	0.0	0
20345.0	0.0	0
20355.0	0.0	0
20365.0	0.0	0
20375.0	0.0	0
20385.0	0.0	0
20395.0	0.0	0
20405.0	0.0	0
20415.0	0.0	0
20425.0	0.0	0
20435.0	0.0	0
20445.0	0.0	0
20455.0	0.0	0
20465.0	0.0	0
20475.0	0.0	0
20485.0	0.0	0
20495.0	0.0	0
20505.0	0.0	0
20515.0	0.0	0
20525.0	0.0	0
20535.0	0.0	0
20545.0	0.0	0
20555.0	0.0	0
20565.0	0.0	0
20575.0	0.0	0
20585.0	0.0	0
20595.0	0.0	0
20605.0	0.0	0
20615.0	0.0	0
20625.0	0.0	0
20635.0	0.0	0
20645.0	0.0	0
20655.0	0.0	0
20665.0	0.0	0
20675.0	0.0	0
20685.0	0.0	0
20695.0	0.0	0
20705.0	0.0	0
20715.0	0.0	0
20725.0	0.0	0
20735.0	0.0	0
20745.0	0.0	0
20755.0	0.0	0
20765.0	0.0	0
20775.0	0.0	0
20785.0	0.0	0
20795.0	0.0	0
20805.0	0.0	0
20815.0	0.0	0
20825.0	0.0	0
20835.0	0.0	0
20845.0	0.0	0
20855.0	0.0	0
20865.0	0.0	0
20875.0	0.0	0
20885.0	0.0	0
20895.0	0.0	0
20905.0	0.0	0
20915.0	0.0	0
20925.0	0.0	0
20935.0	0.0	0
20945.0	0.0	0
20955.0	0.0	0
20965.0	0.0	0
20975.0	0.0	0
20985.0	0.0	0
20995.0	0.0	0
21005.0	0.0	0
21015.0	0.0	0
21025.0	0.0	0
21035.0	0.0	0
21045.0	0.0	0
21055.0	0.0	0
21065.0	0.0	0
21075.0	0.0	0
21085.0	0.0	0
21095.0	0.0	0
21105.0	0.0	0
21115.0	0.0	0
21125.0	0.0	0
21135.0	0.0	0
21145.0	0.0	0
21155.0	0.0	0
21165.0	0.0	0
21175.0	0.0	0
21185.0	0.0	0
21195.0	0.0	0
21205.0	0.0	0
21215.0	0.0	0
21225.0	0.0	0
21235.0	0.0	0
21245.0	0.0	0
21255.0	0.0	0
21265.0	0.0	0
21275.0	0.0	0
21285.0	0.0	0
21295.0	0.0	0
21305.0	0.0	0
21315.0	0.0	0
21325.0	0.0	0
21335.0	0.0	0
21345.0	0.0	0
21355.0	0.0	0
21365.0	0.0	0
21375.0	0.0	0
21385.0	0.0	0
21395.0	0.0	0
21405.0	0.0	0
21415.0	0.0	0
21425.0	0.0	0
21435.0	0.0	0
21445.0	0.0	0
21455.0	0.0	0
21465.0	0.0	0
21475.0	0.0	0
21485.0	0.0	0
21495.0	0.0	0
21505.0	0.0	0
21515.0	0.0	0
21525.0	0.0	0
21535.0	0.0	0
21545.0	0.0	0
21555.0	0.0	0
21565.0	0.0	0
21575.0	0.0	0
21585.0	0.0	0
21595.0	0.0	0
21605.0	0.0	0
21615.0	0.0	0
21625.0	0.0	0
21635.0	0.0	0
21645.0	0.0	0
21655.0	0.0	0
21665.0	0.0	0
21675.0	0.0	0
21685.0	0.0	0
21695.0	0.0	0
21705.0	0.0	0
21715.0	0.0	0
21725.0	0.0	0
21735.0	0.0	0
21745.0	0.0	0
21755.0	0.0	0
21765.0	0.0	0
21775.0	0.0	0
21785.0	0.0	0
21795.0	0.0	0
21805.0	0.0	0
21815.0	0.0	0
21825.0	0.0	0
21835.0	0.0	0
21845.0	0.0	0
21855.0	0.0	0
21865.0	0.0	0
21875.0	0.0	0
21885.0	0.0	0
21895.0	0.0	0
21905.0	0.0	0
21915.0	0.0	0
21925.0	0.0	0
21935.0	0.0	0
21945.0	0.0	0
21955.0	0.0	0
21965.0	0.0	0
21975.0	0.0	0
21985.0	0.0	0
21995.0	0.0	0
22005.0	0.0	0
22015.0	0.0	0
22025.0	0.0	0
22035.0	0.0	0
22045.0	0.0	0
22055.0	0.0	0
22065.0	0.0	0
22075.0	0.0	0
22085.0	0.0	0
22095.0	0.0	0
22105.0	0.0	0
22115.0	0.0	0
22125.0	0.0	0
22135.0	0.0	0
22145.0	0.0	0
22155.0	0.0	0
22165.0	0.0	0
22175.0	0.0	0
22185.0	0.0	0
22195.0	0.0	0
22205.0	0.0	0
22215.0	0.0	0
22225.0	0.0	0
22235.0	0.0	0
22245.0	0.0	0
22255.0	0.0	0
22265.0	0.0	0
22275.0	0.0	0
22285.0	0.0	0
22295.0	0.0	0
22305.0	0.0	0
22315.0	0.0	0
22325.0	0.0	0
22335.0	0.0	0
22345.0	0.0	0
22355.0	0.0	0
22365.0	0.0	0
22375.0	0.0	0
22385.0	0.0	0
22395.0	0.0	0
22405.0	0.0	0
22415.0	0.0	0
22425.0	0.0	0
22435.0	0.0	0
22445.0	0.0	0
22455.0	0.0	0
22465.0	0.0	0
22475.0	0.0	0
22485.0	0.0	0
22495.0	0.0	0
22505.0	0.0	0
22515.0	0.0	0
22525.0	0.0	0
22535.0	0.0	0
22545.0	0.0	0
22555.0	0.0	0
22565.0	0.0	0
22575.0	0.0	0
22585.0	0.0	0
22595.0	0.0	0
22605.0	0.0	0
22615.0	0.0	0
22625.0	0.0	0
22635.0	0.0	0
22645.0	0.0	0
22655.0	0.0	0
22665.0	0.0	0
22675.0	0.0	0
22685.0	0.0	0
22695.0	0.0	0
22705.0	0.0	0
22715.0	0.0	0
22725.0	0.0	0
22735.0	0.0	0
22745.0	0.0	0
22755.0	0.0	0
22765.0	0.0	0
22775.0	0.0	0
22785.0	0.0	0
22795.0	0.0	0
22805.0	0.0	0
22815.0	0.0	0
22825.0	0.0	0
22835.0	0.0	0
22845.0	0.0	0
22855.0	0.0	0
22865.0	0.0	0
22875.0	0.0	0
22885.0	0.0	0
22895.0	0.0	0
22905.0	0.0	0
22915.0	0.0	0
22925.0	0.0	0
22935.0	0.0	0
22945.0	0.0	0
22955.0	0.0	0
22965.0	0.0	0
22975.0	0.0	0
22985.0	0.0	0
22995.0	0.0	0
23005.0	0.0	0
23015.0	0.0	0
23025.0	0.0	0
23035.0	0.0	0
23045.0	0.0	0
23055.0	0.0	0
23065.0	0.0	0
23075.0	0.0	0
23085.0	0.0	0
23095.0	0.0	0
23105.0	0.0	0
23115.0	0.0	0
23125.0	0.0	0
23135.0	0.0	0
23145.0	0.0	0
23155.0	0.0	0
23165.0	0.0	0
23175.0	0.0	0
23185.0	0.0	0
23195.0	0.0	0
23205.0	0.0	0
23215.0	0.0	0
23225.0	0.0	0
23235.0	0.0	0
23245.0	0.0	0
23255.0	0.0	0
23265.0	0.0	0
23275.0	0.0	0
23285.0	0.0	0
23295.0	0.0	0
23305.0	0.0	0
23315.0	0.0	0
23325.0	0.0	0
23335.0	0.0	0
23345.0	0.0	0
23355.0	0.0	0
23365.0	0.0	0
23375.0	0.0	0
23385.0	0.0	0
23395.0	0.0	0
23405.0	0.0	0
23415.0	0.0	0
23425.0	0.0	0
23435.0	0.0	0
23445.0	0.0	0
23455.0	0.0	0
23465.0	0.0	0
23475.0	0.0	0
23485.0	0.0	0
23495.0	0.0	0
23505.0	0.0	0
23515.0	0.0	0
23525.0	0.0	0
23535.0	0.0	0
23545.0	0.0	0
23555.0	0.0	0
23565.0	0.0	0
23575.0	0.0	0
23585.0	0.0	0
23595.0	0.0	0
23605.0	0.0	0
23615.0	0.0	0
23625.0	0.0	0
23635.0	0.0	0
23645.0	0.0	0
23655.0	0.0	0
23665.0	0.0	0
23675.0	0.0	0
23685.0	0.0	0
23695.0	0.0	0
23705.0	0.0	0
23715.0	0.0	0
23725.0	0.0	0
23735.0	0.0	0
23745.0	0.0	0
23755.0	0.0	0
23765.0	0.0	0
23775.0	0.0	0
23785.0	0.0	0
23795.0	0.0	0
23805.0	0.0	0
23815.0	0.0	0
23825.0	0.0	0
23835.0	0.0	0
23845.0	0.0	0
23855.0	0.0	0
23865.0	0.0	0
23875.0	0.0	0
23885.0	0.0	0
23895.0	0.0	0
23905.0	0.0	0
23915.0	0.0	0
23925.0	0.0	0
23935.0	0.0	0
23945.0	0.0	0
23955.0	0.0	0
23965.0	0.0	0
23975.0	0.0	0
23985.0	0.0	0
23995.0	0.0	0
24005.0	0.0	0
24015.0	0.0	0
24025.0	0.0	0
24035.0	0.0	0
24045.0	0.0	0
24055.0	0.0	0
24065.0	0.0	0
24075.0	0.0	0
24085.0	0.0	0
24095.0	0.0	0
24105.0	0.0	0
24115.0	0.0	0
24125.0	0.0	0
24135.0	0.0	0
24145.0	0.0	0
24155.0	0.0	0
24165.0	0.0	0
24175.0	0.0	0
24185.0	0.0	0
24195.0	0.0	0
24205.0	0.0	0
24215.0	0.0	0
24225.0	0.0	0
24235.0	0.0	0
24245.0	0.0	0
24255.0	0.0	0
24265.0	0.0	0
24275.0	0.0	0
24285.0	0.0	0
24295.0	0.0	0
24305.0	0.0	0
24315.0	0.0	0
24325.0	0.0	0
24335.0	0.0	0
24345.0	0.0	0
24355.0	0.0	0
24365.0	0.0	0
24375.0	0.0	0
24385.0	0.0	0
24395.0	0.0	0
24405.0	0.0	0
24415.0	0.0	0
24425.0	0.0	0
24435.0	0.0	0
24445.0	0.0	0
24455.0	0.0	0
24465.0	0.0	0
24475.0	0.0	0
24485.0	0.0	0
24495.0	0.0	0
24505.0	0.0	0
24515.0	0.0	0
24525.0	0.0	0
24535.0	0.0	0
24545.0	0.0	0
24555.0	0.0	0
24565.0	0.0	0
24575.0	0.0	0
24585.0	0.0	0
24595.0	0.0	0
24605.0	0.0	0
24615.0	0.0	0
24625.0	0.0	0
24635.0	0.0	0
24645.0	0.0	0
24655.0	0.0	0
24665.0	0.0	0
24675.0	0.0	0
24685.0	0.0	0
24695.0	0.0	0
24705.0	0.0	0
24715.0	0.0	0
24725.0	0.0	0
24735.0	0.0	0
24745.0	0.0	0
24755.0	0.0	0
24765.0	0.0	0
24775.0	0.0	0
24785.0	0.0	0
24795.0	0.0	0
24805.0	0.0	0
24815.0	0.0	0
24825.0	0.0	0
24835.0	0.0	0
24845.0	0.0	0
24855.0	0.0	0
24865.0	0.0	0
24875.0	0.0	0
24885.0	0.0	0
24895.0	0.0	0
24905.0	0.0	0
24915.0	0.0	0
24925.0	0.0	0
24935.0	0.0	0
24945.0	0.0	0
24955.0	0.0	0
24965.0	0.0	0
24975.0	0.0	0
24985.0	0.0	0
24995.0	0.0	0
25005.0	0.0	0
25015.0	0.0	0
25025.0	0.0	0
25035.0	0.0	0
25045.0	0.0	0
25055.0	0.0	0
25065.0	0.0	0
25075.0	0.0	0
25085.0	0.0	0
25095.0	0.0	0
25105.0	0.0	0
25115.0	0.0	0
25125.0	0.0	0
25135.0	0.0	0
25145.0	0.0	0
25155.0	0.0	0
25165.0	0.0	0
25175.0	0.0	0
25185.0	0.0	0
25195.0	0.0	0
25205.0	0.0	0
25215.0	0.0	0
25225.0	0.0	0
25235.0	0.0	0
25245.0	0.0	0
25255.0	0.0	0
25265.0	0.0	0
25275.0	0.0	0
25285.0	0.0	0
25295.0	0.0	0
25305.0	0.0	0
25315.0	0.0	0
25325.0	0.0	0
25335.0	0.0	0
25345.0	0.0	0
25355.0	0.0	0
25365.0	0.0	0
25375.0	0.0	0
25385.0	0.0	0
25395.0	0.0	0
25405.0	0.0	0
25415.0	0.0	0
25425.0	0.0	0
25435.0	0.0	0
25445.0	0.0	0
25455.0	0.0	0
25465.0	0.0	0
25475.0	0.0	0
25485.0	0.0	0
25495.0	0.0	0
25505.0	0.0	0
25515.0	0.0	0
25525.0	0.0	0
25535.0	0.0	0
25545.0	0.0	0
25555.0	0.0	0
25565.0	0.0	0
25575.0	0.0	0
25585.0	0.0	0
25595.0	0.0	0
25605.0	0.0	0
25615.0	0.0	0
25625.0	0.0	0
25635.0	0.0	0
25645.0	0.0	0
25655.0	0.0	0
25665.0	0.0	0
25675.0	0.0	0
25685.0	0.0	0
25695.0	0.0	0
25705.0	0.0	0
25715.0	0.0	0
25725.0	0.0	0
25735.0	0.0	0
25745.0	0.0	0
25755.0	0.0	0
25765.0	0.0	0
25775.0	0.0	0
25785.0	0.0	0
25795.0	0.0	0
25805.0	0.0	0
25815.0	0.0	0
25825.0	0.0	0
25835.0	0.0	0
25845.0	0.0	0
25855.0	0.0	0
25865.0	0.0	0
25875.0	0.0	0
25885.0	0.0	0
25895.0	0.0	0
25905.0	0.0	0
25915.0	0.0	0
25925.0	0.0	0
25935.0	0.0	0
25945.0	0.0	0
25955.0	0.0	0
25965.0	0.0	0
25975.0	0.0	0
25985.0	0.0	0
25995.0	0.0	0
26005.0	0.0	0
26015.0	0.0	0
26025.0	0.0	0
26035.0	0.0	0
26045.0	0.0	0
26055.0	0.0	0
26065.0	0.0	0
26075.0	0.0	0
26085.0	0.0	0
26095.0	0.0	0
26105.0	0.0	0
26115.0	0.0	0
26125.0	0.0	0
26135.0	0.0	0
26145.0	0.0	0
26155.0	0.0	0
26165.0	0.0	0
26175.0	0.0	0
26185.0	0.0	0
26195.0	0.0	0
26205.0	0.0	0
26215.0	0.0	0
26225.0	0.0	0
26235.0	0.0	0
26245.0	0.0	0
26255.0	0.0	0
26265.0	0.0	0
26275.0	0.0	0
26285.0	0.0	0
26295.0	0.0	0
26305.0	0.0	0
26315.0	0.0	0
26325.0	0.0	0
26335.0	0.0	0
26345.0	0.0	0
26355.0	0.0	0
26365.0	0.0	0
26375.0	0.0	0
26385.0	0.0	0
26395.0	0.0	0
26405.0	0.0	0
26415.0	0.0	0
26425.0	0.0	0
26435.0	0.0	0
26445.0	0.0	0
26455.0	0.0	0
26465.0	0.0	0
26475.0	0.0	0
26485.0	0.0	0
26495.0	0.0	0
26505.0	0.0	0
26515.0	0.0	0
26525.0	0.0	0
26535.0	0.0	0
26545.0	0.0	0
26555.0	0.0	0
26565.0	0.0	0
26575.0	0.0	0
26585.0	0.0	0
26595.0	0.0	0
26605.0	0.0	0
26615.0	0.0	0
26625.0	0.0	0
26635.0	0.0	0
26645.0	0.0	0
26655.0	0.0	0
26665.0	0.0	0
26675.0	0.0	0
26685.0	0.0	0
26695.0	0.0	0
26705.0	0.0	0
26715.0	0.0	0
26725.0	0.0	0
26735.0	0.0	0
26745.0	0.0	0
26755.0	0.0	0
26765.0	0.0	0
26775.0	0.0	0
26785.0	0.0	0
26795.0	0.0	0
26805.0	0.0	0
26815.0	0.0	0
26825.0	0.0	0
26835.0	0.0	0
26845.0	0.0	0
26855.0	0.0	0
26865.0	0.0	0
26875.0	0.0	0
26885.0	0.0	0
26895.0	0.0	0
26905.0	0.0	0
26915.0	0.0	0
26925.0	0.0	0
26935.0	0.0	0
26945.0	0.0	0
26955.0	0.0	0
26965.0	0.0	0
26975.0	0.0	0
26985.0	0.0	0
26995.0	0.0	0
27005.0	0.0	0
27015.0	0.0	0
27025.0	0.0	0
27035.0	0.0	0
27045.0	0.0	0
27055.0	0.0	0
27065.0	0.0	0
27075.0	0.0	0
27085.0	0.0	0
27095.0	0.0	0
27105.0	0.0	0
27115.0	0.0	0
27125.0	0.0	0
27135.0	0.0	0
27145.0	0.0	0
27155.0	0.0	0
27165.0	0.0	0
27175.0	0.0	0
27185.0	0.0	0
27195.0	0.0	0
27205.0	0.0	0
27215.0	0.0	0
27225.0	0.0	0
27235.0	0.0	0
27245.0	0.0	0
27255.0	0.0	0
27265.0	0.0	0
27275.0	0.0	0
27285.0	0.0	0
27295.0	0.0	0
27305.0	0.0	0
27315.0	0.0	0
27325.0	0.0	0
27335.0	0.0	0
27345.0	0.0	0
27355.0	0.0	0
27365.0	0.0	0
27375.0	0.0	0
27385.0	0.0	0
27395.0	0.0	0
27405.0	0.0	0
27415.0	0.0	0
27425.0	0.0	0
27435.0	0.0	0
27445.0	0.0	0
27455.0	0.0	0
27465.0	0.0	0
27475.0	0.0	0
27485.0	0.0	0
27495.0	0.0	0
27505.0	0.0	0
27515.0	0.0	0
27525.0	0.0	0
27535.0	0.0	0
27545.0	0.0	0
27555.0	0.0	0
27565.0	0.0	0
27575.0	0.0	0
27585.0	0.0	0
27595.0	0.0	0
27605.0	0.0	0
27615.0	0.0	0
27625.0	0.0	0
27635.0	0.0	0
27645.0	0.0	0
27655.0	0.0	0
27665.0	0.0	0
27675.0	0.0	0
27685.0	0.0	0
27695.0	0.0	0
27705.0	0.0	0
27715.0	0.0	0
27725.0	0.0	0
27735.0	0.0	0
27745.0	0.0	0
27755.0	0.0	0
27765.0	0.0	0
27775.0	0.0	0
27785.0	0.0	0
27795.0	0.0	0
27805.0	0.0	0
27815.0	0.0	0
27825.0	0.0	0
27835.0	0.0	0
27845.0	0.0	0
27855.0	0.0	0
27865.0	0.0	0
27875.0	0.0	0
27885.0	0.0	0
27895.0	0.0	0
27905.0	0.0	0
27915.0	0.0	0
27925.0	0.0	0
27935.0	0.0	0
27945.0	0.0	0
27955.0	0.0	0
27965.0	0.0	0
27975.0	0.0	0
27985.0	0.0	0
27995.0	0.0	0
28005.0	0.0	0
28015.0	0.0	0
28025.0	0.0	0
28035.0	0.0	0
28045.0	0.0	0
28055.0	0.0	0
28065.0	0.0	0
28075.0	0.0	0
28085.0	0.0	0
28095.0	0.0	0
28105.0	0.0	0
28115.0	0.0	0
28125.0	0.0	0
28135.0	0.0	0
28145.0	0.0	0
28155.0	0.0	0
28165.0	0.0	0
28175.0	0.0	0
28185.0	0.0	0
28195.0	0.0	0
28205.0	0.0	0
28215.0	0.0	0
28225.0	0.0	0
28235.0	0.0	0
28245.0	0.0	0
28255.0	0.0	0
28265.0	0.0	0
28275.0	0.0	0
28285.0	0.0	0
28295.0	0.0	0
28305.0	0.0	0
28315.0	0.0	0
28325.0	0.0	0
28335.0	0.0	0
28345.0	0.0	0
28355.0	0.0	0
28365.0	0.0	0
28375.0	0.0	0
28385.0	0.0	0
28395.0	0.0	0
28405.0	0.0	0
28415.0	0.0	0
28425.0	0.0	0
28435.0	0.0	0
28445.0	0.0	0
28455.0	0.0	0
28465.0	0.0	0
28475.0	0.0	0
28485.0	0.0	0
28495.0	0.0	0
28505.0	0.0	0
28515.0	0.0	0
28525.0	0.0	0
28535.0	0.0	0
28545.0	0.0	0
28555.0	0.0	0
28565.0	0.0	0
28575.0	0.0	0
28585.0	0.0	0
28595.0	0.0	0
28605.0	0.0	0
28615.0	0.0	0
28625.0	0.0	0
28635.0	0.0	0
28645.0	0.0	0
28655.0	0.0	0
28665.0	0.0	0
28675.0	0.0	0
28685.0	0.0	0
28695.0	0.0	0
28705.0	0.0	0
28715.0	0.0	0
28725.0	0.0	0
28735.0	0.0	0
28745.0	0.0	0
28755.0	0.0	0
28765.0	0.0	0
28775.0	0.0	0
28785.0	0.0	0
28795.0	0.0	0
28805.0	0.0	0
28815.0	0.0	0
28825.0	0.0	0
28835.0	0.0	0
28845.0	0.0	0
28855.0	0.0	0
28865.0	0.0	0
28875.0	0.0	0
28885.0	0.0	0
28895.0	0.0	0
28905.0	0.0	0
28915.0	0.0	0
28925.0	0.0	0
28935.0	0.0	0
28945.0	0.0	0
28955.0	0.0	0
28965.0	0.0	0
28975.0	0.0	0
28985.0	0.0	0
28995.0	0.0	0
29005.0	0.0	0
29015.0	0.0	0
29025.0	0.0	0
29035.0	0.0	0
29045.0	0.0	0
29055.0	0.0	0
29065.0	0.0	0
29075.0	0.0	0
29085.0	0.0	0
29095.0	0.0	0
29105.0	0.0	0
29115.0	0.0	0
29125.0	0.0	0
29135.0	0.0	0
29145.0	0.0	0
29155.0	0.0	0
29165.0	0.0	0
29175.0	0.0	0
29185.0	0.0	0
29195.0	0.0	0
29205.0	0.0	0
29215.0	0.0	0
29225.0	0.0	0
29235.0	0.0	0
29245.0	0.0	0
29255.0	0.0	0
29265.0	0.0	0
29275.0	0.0	0
29285.0	0.0	0
29295.0	0.0	0
29305.0	0.0	0
29315.0	0.0	0
29325.0	0.0	0
29335.0	0.0	0
29345.0	0.0	0
29355.0	0.0	0
29365.0	0.0	0
29375.0	0.0	0
29385.0	0.0	0
29395.0	0.0	0
29405.0	0.0	0
29415.0	0.0	0
29425.0	0.0	0
29435.0	0.0	0
29445.0	0.0	0
29455.0	0.0	0
29465.0	0.0	0
29475.0	0.0	0
29485.0	0.0	0
29495.0	0.0	0
29505.0	0.0	0
29515.0	0.0	0
29525.0	0.0	0
29535.0	0.0	0
29545.0	0.0	0
29555.0	0.0	0
29565.0	0.0	0
29575.0	0.0	0
29585.0	0.0	0
29595.0	0.0	0
29605.0	0.0	0
29615.0	0.0	0
29625.0	0.0	0
29635.0	0.0	0
29645.0	0.0	0
29655.0	0.0	0
29665.0	0.0	0
29675.0	0.0	0
29685.0	0.0	0
29695.0	0.0	0
29705.0	0.0	0
29715.0	0.0	0
29725.0	0.0	0
29735.0	0.0	0
29745.0	0.0	0
29755.0	0.0	0
29765.0	0.0	0
29775.0	0.0	0
29785.0	0.0	0
29795.0	0.0	0
29805.0	0.0	0
29815.0	0.0	0
29825.0	0.0	0
29835.0	0.0	0
29845.0	0.0	0
29855.0	0.0	0
29865.0	0.0	0
29875.0	0.0	0
29885.0	0.0	0
29895.0	0.0	0
29905.0	0.0	0
29915.0	0.0	0
29925.0	0.0	0
29935.0	0.0	0
29945.0	0.0	0
29955.0	0.0	0
29965.0	0.0	0
29975.0	0.0	0
29985.0	0.0	0
