5.0	0.0	0
15.0	0.0	0
25.0	0.0	0
35.0	0.0	0
45.0	0.0	0
55.0	0.0	0
65.0	0.0	0
75.0	0.0	0
85.0	0.0	0
95.0	0.0	0
105.0	0.0	0
115.0	0.0	0
125.0	0.0	0
135.0	0.0	0
145.0	0.0	0
155.0	0.0	0
165.0	0.0	0
175.0	0.0	0
185.0	0.0	0
195.0	0.0	0
205.0	0.0	0
215.0	0.0	0
225.0	0.0	0
235.0	0.0	0
245.0	0.0	0
255.0	0.0	0
265.0	0.0	0
275.0	0.0	0
285.0	0.0	0
295.0	0.0	0
305.0	0.0	0
315.0	0.0	0
325.0	0.0	0
335.0	0.0	0
345.0	0.0	0
355.0	0.0	0
365.0	0.0	0
375.0	0.0	0
385.0	0.0	0
395.0	0.0	0
405.0	0.0	0
415.0	0.0	0
425.0	0.0	0
435.0	0.0	0
445.0	0.0	0
455.0	0.0	0
465.0	0.0	0
475.0	0.0	0
485.0	0.0	0
495.0	0.0	0
505.0	0.0	0
515.0	0.0	0
525.0	0.0	0
535.0	0.0	0
545.0	0.0	0
555.0	0.0	0
565.0	0.0	0
575.0	0.0	0
585.0	0.0	0
595.0	0.0	0
605.0	0.0	0
615.0	0.0	0
625.0	0.0	0
635.0	0.09948180959493287	0
645.0	0.2691924993567163	0
655.0	0.534270124390611	0
665.0	0.916469551074218	0
675.0	1.4949778644740752	0
685.0	2.339094925583676	0
695.0	3.5714275621996032	0
705.0	5.158241130555131	0
715.0	7.254559908310159	0
725.0	9.936185748211514	0
735.0	13.238559951137173	0
745.0	17.22064224524341	0
755.0	21.880901365209514	0
765.0	27.184429004546537	0
775.0	33.029538765431994	0
785.0	39.29963464700324	0
795.0	45.84351185782009	0
805.0	52.47101383924697	0
815.0	59.018798676839864	0
825.0	65.3595965814614	0
835.0	71.2162729466403	0
845.0	76.54895236154984	0
855.0	81.2693421015482	0
865.0	85.32279003468737	0
875.0	88.72384335284198	0
885.0	91.48148504436436	0
895.0	93.6536059505238	0
905.0	95.29720465542724	0
915.0	96.47616093902737	0
925.0	97.28841089261718	0
935.0	97.78281391292153	0
945.0	98.02332891659158	0
955.0	98.10379207164057	0
965.0	97.98961608729087	0
975.0	97.66626824570596	0
985.0	97.28313650201136	0
995.0	96.87084182190308	0
1005.0	96.44762891738378	0
1015.0	95.97609257076003	0
1025.0	95.45545082681583	0
1035.0	94.92350490640158	0
1045.0	94.47047098167484	0
1055.0	93.8297315884952	0
1065.0	93.16255001352903	0
1075.0	92.45743601293566	0
1085.0	91.74500529170182	0
1095.0	90.97456092920108	0
1105.0	90.17162640292344	0
1115.0	89.33918320685818	0
1125.0	88.49024588726613	0
1135.0	87.67453992010573	0
1145.0	86.87980909456702	0
1155.0	86.10386204574766	0
1165.0	85.38933126353464	0
1175.0	84.69711996056715	0
1185.0	84.09833816512683	0
1195.0	83.64798784276238	0
1205.0	83.14357268003423	0
1215.0	82.70988408473964	0
1225.0	82.3569055641572	0
1235.0	82.00965977292677	0
1245.0	81.74405482459932	0
1255.0	81.47937235362134	0
1265.0	81.26900366386154	0
1275.0	81.07311440096413	0
1285.0	80.89128886486317	0
1295.0	80.74963208624605	0
1305.0	80.57950572245382	0
1315.0	80.4281072822355	0
1325.0	80.29502444367057	0
1335.0	80.17390190742951	0
1345.0	80.11173202453399	0
1355.0	79.93767868826787	0
1365.0	79.79206810376799	0
1375.0	79.57192420580412	0
1385.0	79.33746681290351	0
1395.0	79.07510843512902	0
1405.0	78.78516871124768	0
1415.0	78.46847312081479	0
1425.0	78.14187564672064	0
1435.0	77.81535143981789	0
1445.0	77.45271336181575	0
1455.0	77.14028166371337	0
1465.0	76.81804749540326	0
1475.0	76.47600867182295	0
1485.0	76.18239901493195	0
1495.0	75.98844688321788	0
1505.0	75.7720487469782	0
1515.0	75.53661446737438	0
1525.0	75.29452579165628	0
1535.0	75.07463380889531	0
1545.0	74.85615292916171	0
1555.0	74.6357128949598	0
1565.0	74.42696544602714	0
1575.0	74.2055320956111	0
1585.0	73.96662859241462	0
1595.0	73.7365419647386	0
1605.0	73.46640282437211	0
1615.0	73.20139157479092	0
1625.0	72.9331193903792	0
1635.0	72.64703837823696	0
1645.0	72.3875849667936	0
1655.0	72.15815253974864	0
1665.0	71.85672779231706	0
1675.0	71.56022903100596	0
1685.0	71.23146296245396	0
1695.0	70.95213983333073	0
1705.0	70.65126569408271	0
1715.0	70.36152515269583	0
1725.0	70.09124308978929	0
1735.0	69.79023178299957	0
1745.0	69.51526716625708	0
1755.0	69.22951589655375	0
1765.0	68.93515423503483	0
1775.0	68.64278480523332	0
1785.0	68.34369162741548	0
1795.0	68.08411901755147	0
1805.0	67.7923593105123	0
1815.0	67.5695469492874	0
1825.0	67.28404408529374	0
1835.0	67.00514826704811	0
1845.0	66.73984147992584	0
1855.0	66.47963071324052	0
1865.0	66.24229183703119	0
1875.0	66.01652065748482	0
1885.0	65.8046123858765	0
1895.0	65.61593036455334	0
1905.0	65.44820518888183	0
1915.0	65.30139349006514	0
1925.0	65.1677776178468	0
1935.0	65.07859772628993	0
1945.0	65.03203446376851	0
1955.0	64.95132106811042	0
1965.0	64.89945958725646	0
1975.0	64.92147302084707	0
1985.0	64.88935713790998	0
1995.0	64.87698149073236	0
2005.0	64.86437592623498	0
2015.0	64.85232534582612	0
2025.0	64.84115751999917	0
2035.0	64.80697870203323	0
2045.0	64.75168772673148	0
2055.0	64.70707616796135	0
2065.0	64.63066337362457	0
2075.0	64.53560718917603	0
2085.0	64.42135983237763	0
2095.0	64.31041891927869	0
2105.0	64.15371377242309	0
2115.0	63.97723733134622	0
2125.0	63.78521718631159	0
2135.0	63.639933879786504	0
2145.0	63.421205216212755	0
2155.0	63.179103534837175	0
2165.0	62.939681272078246	0
2175.0	62.68034833325293	0
2185.0	62.42076862662807	0
2195.0	62.13536330078121	0
2205.0	61.85365652875825	0
2215.0	61.56193267331696	0
2225.0	61.257562462283936	0
2235.0	60.954658813870815	0
2245.0	60.64511870863515	0
2255.0	60.36500384605157	0
2265.0	60.04165206879566	0
2275.0	59.73221948280307	0
2285.0	59.430966673877926	0
2295.0	59.12752135180017	0
2305.0	58.86017462142044	0
2315.0	58.54335330456186	0
2325.0	58.24798447480712	0
2335.0	57.942367347074075	0
2345.0	57.644648209658136	0
2355.0	57.37595746460544	0
2365.0	57.09946893265592	0
2375.0	56.841471403042014	0
2385.0	56.58439012216253	0
2395.0	56.33396993066671	0
2405.0	56.11237004158545	0
2415.0	55.910270532159416	0
2425.0	55.69749480979413	0
2435.0	55.49346775834162	0
2445.0	55.3091536027262	0
2455.0	55.11938035037617	0
2465.0	54.94186218540217	0
2475.0	54.82408170880343	0
2485.0	54.672343858876616	0
2495.0	54.52954648139564	0
2505.0	54.40275894834398	0
2515.0	54.28083142564405	0
2525.0	54.16267458418052	0
2535.0	54.03115548450185	0
2545.0	53.92516899119257	0
2555.0	53.8196418507623	0
2565.0	53.73636689344938	0
2575.0	53.63405857717872	0
2585.0	53.52947705834037	0
2595.0	53.426231237116006	0
2605.0	53.33618003057955	0
2615.0	53.22702847859611	0
2625.0	53.120383646987996	0
2635.0	53.00934113780586	0
2645.0	52.92810359829795	0
2655.0	52.800689423155625	0
2665.0	52.675217290524095	0
2675.0	52.55533573624637	0
2685.0	52.44078046183723	0
2695.0	52.318469673639456	0
2705.0	52.21283146770332	0
2715.0	52.112396920515025	0
2725.0	52.019009418075655	0
2735.0	51.92655056815849	0
2745.0	51.837505916450056	0
2755.0	51.7527301815785	0
2765.0	51.66296704887531	0
2775.0	51.576942812459976	0
2785.0	51.48533898149368	0
2795.0	51.406144229469724	0
2805.0	51.31690701348358	0
2815.0	51.224934829389404	0
2825.0	51.16401039658253	0
2835.0	51.06794253477196	0
2845.0	50.966079317850635	0
2855.0	50.84588861209895	0
2865.0	50.71592520440135	0
2875.0	50.59751924421186	0
2885.0	50.48807419487674	0
2895.0	50.351800487153994	0
2905.0	50.19607784903238	0
2915.0	50.053927890320054	0
2925.0	49.897050874182476	0
2935.0	49.73690940182954	0
2945.0	49.58130601778796	0
2955.0	49.41168035786084	0
2965.0	49.26269218227618	0
2975.0	49.11692177530508	0
2985.0	48.95952621913436	0
2995.0	48.82637848603275	0
3005.0	48.73088624140095	0
3015.0	48.599167858137434	0
3025.0	48.49424256435221	0
3035.0	48.39578518452839	0
3045.0	48.30450331630376	0
3055.0	48.249878237643465	0
3065.0	48.182498541918356	0
3075.0	48.122874813458424	0
3085.0	48.06927988816346	0
3095.0	48.03448227461027	0
3105.0	47.99809304981059	0
3115.0	47.973052140164675	0
3125.0	47.966051390427474	0
3135.0	47.9555390461114	0
3145.0	47.936258973052055	0
3155.0	47.93124591115099	0
3165.0	47.93768924614551	0
3175.0	47.96454969824193	0
3185.0	47.96223499416501	0
3195.0	47.96315132890335	0
3205.0	47.96297912519957	0
3215.0	47.97872311887545	0
3225.0	47.95572637865592	0
3235.0	47.94113945157339	0
3245.0	47.92689645717499	0
3255.0	47.91432820850674	0
3265.0	47.88481846417524	0
3275.0	47.86259175020014	0
3285.0	47.8267479874842	0
3295.0	47.78052300255514	0
3305.0	47.73934772024507	0
3315.0	47.68317613226539	0
3325.0	47.634487905779295	0
3335.0	47.57583440138592	0
3345.0	47.51121822754627	0
3355.0	47.4765287192949	0
3365.0	47.415221681755014	0
3375.0	47.35336463764359	0
3385.0	47.31500318941795	0
3395.0	47.25949449084024	0
3405.0	47.21308451259566	0
3415.0	47.16878179811421	0
3425.0	47.129219242331345	0
3435.0	47.08850679253677	0
3445.0	47.05558359935334	0
3455.0	47.03752036368582	0
3465.0	47.02749355100241	0
3475.0	47.02231693478453	0
3485.0	47.020672276952254	0
3495.0	47.03570923398726	0
3505.0	47.044393805443605	0
3515.0	47.057605298921104	0
3525.0	47.08309499533786	0
3535.0	47.131831792553214	0
3545.0	47.176680259440765	0
3555.0	47.21143910214867	0
3565.0	47.24381823615326	0
3575.0	47.273370314650734	0
3585.0	47.30129932076106	0
3595.0	47.32678072328909	0
3605.0	47.351130794521566	0
3615.0	47.3730592380215	0
3625.0	47.37911364790328	0
3635.0	47.39274333745759	0
3645.0	47.39402837293868	0
3655.0	47.38723903961889	0
3665.0	47.37258789474073	0
3675.0	47.36280440549766	0
3685.0	47.34674568601241	0
3695.0	47.32883676707571	0
3705.0	47.299831010563295	0
3715.0	47.288560637244714	0
3725.0	47.28758274706518	0
3735.0	47.26352670555707	0
3745.0	47.22858587945648	0
3755.0	47.20069989020181	0
3765.0	47.168770747011315	0
3775.0	47.13393546062047	0
3785.0	47.09784911445648	0
3795.0	47.06171385245286	0
3805.0	47.0264697943269	0
3815.0	46.984573816417246	0
3825.0	46.95494417464323	0
3835.0	46.91957001860912	0
3845.0	46.886784857914385	0
3855.0	46.854972028544594	0
3865.0	46.82278198301156	0
3875.0	46.793574902240884	0
3885.0	46.772210634842786	0
3895.0	46.73566853798361	0
3905.0	46.72527279423593	0
3915.0	46.69873615049465	0
3925.0	46.6724587662944	0
3935.0	46.63702763270044	0
3945.0	46.59997379205249	0
3955.0	46.5600162278475	0
3965.0	46.52338430319218	0
3975.0	46.48289516715483	0
3985.0	46.44983285508424	0
3995.0	46.40379850357198	0
4005.0	46.35411367211598	0
4015.0	46.31721903677888	0
4025.0	46.27565305679161	0
4035.0	46.23859333669018	0
4045.0	46.203768201460285	0
4055.0	46.173179652243185	0
4065.0	46.13005112264624	0
4075.0	46.0844526251251	0
4085.0	46.04523101061595	0
4095.0	46.022830255166895	0
4105.0	45.98494578517871	0
4115.0	45.9516635871325	0
4125.0	45.91494012891446	0
4135.0	45.88487391130635	0
4145.0	45.855027666648404	0
4155.0	45.82003113127695	0
4165.0	45.80055804374158	0
4175.0	45.76481535093532	0
4185.0	45.734689314814986	0
4195.0	45.705700264975576	0
4205.0	45.68682361513787	0
4215.0	45.652298428400925	0
4225.0	45.63083343377973	0
4235.0	45.596500933617286	0
4245.0	45.55824660295325	0
4255.0	45.527671124436544	0
4265.0	45.48602352001131	0
4275.0	45.46041905661595	0
4285.0	45.40698053957913	0
4295.0	45.35220744481899	0
4305.0	45.28423184386024	0
4315.0	45.21343851436893	0
4325.0	45.14865880759632	0
4335.0	45.073432618884056	0
4345.0	44.993347384368235	0
4355.0	44.90103390021593	0
4365.0	44.81092620944067	0
4375.0	44.69822879330318	0
4385.0	44.59767316843844	0
4395.0	44.496487199773064	0
4405.0	44.37442622986705	0
4415.0	44.24635253651612	0
4425.0	44.11152778291666	0
4435.0	43.98287859620568	0
4445.0	43.84818635811366	0
4455.0	43.70758952059293	0
4465.0	43.58961954318626	0
4475.0	43.44349056540761	0
4485.0	43.2936801732733	0
4495.0	43.141193858979086	0
4505.0	42.998578519615684	0
4515.0	42.84688728299169	0
4525.0	42.707461217606166	0
4535.0	42.56640379196665	0
4545.0	42.436578782621865	0
4555.0	42.30274831063057	0
4565.0	42.191712309232834	0
4575.0	42.07271462713783	0
4585.0	41.9549185474527	0
4595.0	41.8450682999649	0
4605.0	41.744101154563566	0
4615.0	41.656034498666585	0
4625.0	41.57701655180114	0
4635.0	41.49964593350952	0
4645.0	41.44190289207728	0
4655.0	41.40911336230527	0
4665.0	41.368077441771085	0
4675.0	41.332922193702814	0
4685.0	41.31699294251671	0
4695.0	41.300678825798876	0
4705.0	41.30300624473297	0
4715.0	41.31269655830808	0
4725.0	41.33094429583396	0
4735.0	41.36884127746986	0
4745.0	41.42429348294712	0
4755.0	41.47083693343287	0
4765.0	41.53008549864858	0
4775.0	41.60348754454667	0
4785.0	41.67950162175331	0
4795.0	41.76065736032221	0
4805.0	41.84639130325235	0
4815.0	41.94036314842449	0
4825.0	42.04188537737655	0
4835.0	42.15367198777213	0
4845.0	42.27684113238018	0
4855.0	42.374323875645736	0
4865.0	42.48025976666029	0
4875.0	42.59148841924482	0
4885.0	42.696834202603014	0
4895.0	42.79764050897249	0
4905.0	42.882539450292604	0
4915.0	42.97399599565529	0
4925.0	43.051307752567645	0
4935.0	43.1146230644071	0
4945.0	43.16796778503472	0
4955.0	43.21547687136378	0
4965.0	43.23702434391426	0
4975.0	43.25443408790079	0
4985.0	43.253181580779945	0
4995.0	43.2357014425504	0
5005.0	43.20042900201534	0
5015.0	43.15313454951872	0
5025.0	43.09426197577051	0
5035.0	43.03441779942456	0
5045.0	42.94197314241301	0
5055.0	42.84203617440878	0
5065.0	42.731220386171614	0
5075.0	42.60547295176483	0
5085.0	42.477824074623925	0
5095.0	42.34554315795391	0
5105.0	42.20265800673921	0
5115.0	42.04738378117665	0
5125.0	41.894715868807424	0
5135.0	41.74115122717971	0
5145.0	41.58253834951828	0
5155.0	41.425204988173284	0
5165.0	41.27313575134204	0
5175.0	41.12986778113484	0
5185.0	40.98570987724254	0
5195.0	40.85991719600937	0
5205.0	40.726643273256194	0
5215.0	40.60864137478488	0
5225.0	40.51135121259368	0
5235.0	40.40681154619435	0
5245.0	40.31590123945304	0
5255.0	40.23939941892172	0
5265.0	40.18263565153324	0
5275.0	40.11546318129934	0
5285.0	40.05873723073693	0
5295.0	40.014920762711746	0
5305.0	39.972347842159465	0
5315.0	39.95234459696704	0
5325.0	39.93520288619618	0
5335.0	39.9308045550833	0
5345.0	39.9254957821925	0
5355.0	39.929887534947106	0
5365.0	39.93811621636233	0
5375.0	39.956050467935746	0
5385.0	39.969204658462544	0
5395.0	39.994528308161335	0
5405.0	40.01737690022217	0
5415.0	40.06549801384674	0
5425.0	40.09529844229253	0
5435.0	40.12808895761512	0
5445.0	40.166915554386385	0
5455.0	40.19894565915833	0
5465.0	40.23026139158156	0
5475.0	40.257374510858945	0
5485.0	40.286501249082015	0
5495.0	40.31982424474075	0
5505.0	40.34451062649635	0
5515.0	40.37034962473663	0
5525.0	40.39039840140298	0
5535.0	40.41042316681934	0
5545.0	40.42277310763187	0
5555.0	40.44197443849326	0
5565.0	40.449919525554016	0
5575.0	40.458450042436866	0
5585.0	40.46421419439524	0
5595.0	40.461787334586404	0
5605.0	40.463207619476705	0
5615.0	40.4850387623618	0
5625.0	40.47888752848791	0
5635.0	40.48033545006311	0
5645.0	40.4695620775856	0
5655.0	40.46058270427331	0
5665.0	40.45251879034706	0
5675.0	40.440422841111605	0
5685.0	40.43516205351488	0
5695.0	40.421632319713346	0
5705.0	40.41634582884335	0
5715.0	40.40977637083676	0
5725.0	40.406532804421296	0
5735.0	40.40620910211361	0
5745.0	40.40235810131408	0
5755.0	40.400463880441464	0
5765.0	40.399924257278634	0
5775.0	40.40473977519163	0
5785.0	40.41006292961392	0
5795.0	40.4249789019066	0
5805.0	40.45267919556572	0
5815.0	40.4645928946051	0
5825.0	40.4766013405953	0
5835.0	40.48851822171203	0
5845.0	40.50282763649792	0
5855.0	40.51858851432592	0
5865.0	40.53191678709989	0
5875.0	40.544458080111646	0
5885.0	40.55882055503347	0
5895.0	40.573547573978566	0
5905.0	40.58412351790651	0
5915.0	40.596845002225606	0
5925.0	40.60497315312101	0
5935.0	40.60880130180254	0
5945.0	40.61128783504403	0
5955.0	40.6100727836197	0
5965.0	40.60224582173452	0
5975.0	40.60902239419322	0
5985.0	40.59582568012475	0
5995.0	40.5861731935684	0
6005.0	40.584521356591225	0
6015.0	40.565383844274535	0
6025.0	40.54041049627042	0
6035.0	40.51583664939514	0
6045.0	40.484874843736506	0
6055.0	40.44451950445592	0
6065.0	40.403673238523204	0
6075.0	40.35972301343971	0
6085.0	40.31111043491558	0
6095.0	40.26373947188905	0
6105.0	40.20598048711437	0
6115.0	40.142778791037436	0
6125.0	40.080923241358185	0
6135.0	40.01248358153172	0
6145.0	39.94482992394186	0
6155.0	39.8860326617585	0
6165.0	39.81081461603272	0
6175.0	39.728497166868834	0
6185.0	39.64856534783035	0
6195.0	39.57847397994296	0
6205.0	39.485742652192734	0
6215.0	39.402304457276024	0
6225.0	39.315429187598596	0
6235.0	39.22966550447383	0
6245.0	39.14221381403831	0
6255.0	39.046672953325995	0
6265.0	38.95657373237065	0
6275.0	38.861519319212	0
6285.0	38.77332924860109	0
6295.0	38.68671367984289	0
6305.0	38.596486803756456	0
6315.0	38.507146002558514	0
6325.0	38.42102437279085	0
6335.0	38.348365766021026	0
6345.0	38.26595798833508	0
6355.0	38.18680267036961	0
6365.0	38.11321216792572	0
6375.0	38.04088973176437	0
6385.0	37.973925376011884	0
6395.0	37.91978380408534	0
6405.0	37.85521136198106	0
6415.0	37.801604289542446	0
6425.0	37.74753931754524	0
6435.0	37.7035784030815	0
6445.0	37.653850180323666	0
6455.0	37.61531763991695	0
6465.0	37.58092453679155	0
6475.0	37.553608569072914	0
6485.0	37.52650732873604	0
6495.0	37.50786145464477	0
6505.0	37.48887232675093	0
6515.0	37.48313685685411	0
6525.0	37.46846554293305	0
6535.0	37.46745262088202	0
6545.0	37.4671503079408	0
6555.0	37.46716535874809	0
6565.0	37.47450781021422	0
6575.0	37.47921167377509	0
6585.0	37.498746849970125	0
6595.0	37.50846011885921	0
6605.0	37.51929035645978	0
6615.0	37.529627371491614	0
6625.0	37.54268764364885	0
6635.0	37.55907411945357	0
6645.0	37.57480404053547	0
6655.0	37.58872645567291	0
6665.0	37.59865633519003	0
6675.0	37.61255698374667	0
6685.0	37.62161816812388	0
6695.0	37.64032751305264	0
6705.0	37.65060082761479	0
6715.0	37.658494645726364	0
6725.0	37.6667894827105	0
6735.0	37.676517665898935	0
6745.0	37.682511051874904	0
6755.0	37.68666182726514	0
6765.0	37.693086955444535	0
6775.0	37.69509194037956	0
6785.0	37.70867571692214	0
6795.0	37.708664798604	0
6805.0	37.70293882754407	0
6815.0	37.704032772399856	0
6825.0	37.70180080092188	0
6835.0	37.700553141427136	0
6845.0	37.700386316649485	0
6855.0	37.69599955192041	0
6865.0	37.70202057315033	0
6875.0	37.71208074672286	0
6885.0	37.711280202736475	0
6895.0	37.71541093666189	0
6905.0	37.72290871842572	0
6915.0	37.72733735730698	0
6925.0	37.73629558091701	0
6935.0	37.747840392475084	0
6945.0	37.75972513242127	0
6955.0	37.77218162680249	0
6965.0	37.79125515689293	0
6975.0	37.80595244097902	0
6985.0	37.837714493100634	0
6995.0	37.86050640130345	0
7005.0	37.884867043816065	0
7015.0	37.90670300205574	0
7025.0	37.927580631867535	0
7035.0	37.94918255394135	0
7045.0	37.967722352385614	0
7055.0	37.99512527855512	0
7065.0	38.018535482818216	0
7075.0	38.03970606155027	0
7085.0	38.05821792523705	0
7095.0	38.078391573964176	0
7105.0	38.087026714329326	0
7115.0	38.09367633006075	0
7125.0	38.10828391452963	0
7135.0	38.12016569407782	0
7145.0	38.1234664561079	0
7155.0	38.12092761367141	0
7165.0	38.117079356327295	0
7175.0	38.10540013741916	0
7185.0	38.10323726296938	0
7195.0	38.08652021855766	0
7205.0	38.06693053878291	0
7215.0	38.040974691045214	0
7225.0	38.01173146844631	0
7235.0	37.98925177499259	0
7245.0	37.951684899617824	0
7255.0	37.90826391501514	0
7265.0	37.86748898355599	0
7275.0	37.82228819189693	0
7285.0	37.776279138916934	0
7295.0	37.7271560648845	0
7305.0	37.67577474527736	0
7315.0	37.62125405276009	0
7325.0	37.566062626204506	0
7335.0	37.51093673752612	0
7345.0	37.46003312192195	0
7355.0	37.40602977009435	0
7365.0	37.351852116769045	0
7375.0	37.297960436074305	0
7385.0	37.25626803739916	0
7395.0	37.20325689574664	0
7405.0	37.157502127845795	0
7415.0	37.114849790446335	0
7425.0	37.06970730201221	0
7435.0	37.02817909877505	0
7445.0	36.98855179738898	0
7455.0	36.949016161886284	0
7465.0	36.906692526710174	0
7475.0	36.86631379290291	0
7485.0	36.83000912667953	0
7495.0	36.79598925362135	0
7505.0	36.766971857520915	0
7515.0	36.73634931559781	0
7525.0	36.71162111461889	0
7535.0	36.68279309477418	0
7545.0	36.66417945422449	0
7555.0	36.64080236469407	0
7565.0	36.62354350208462	0
7575.0	36.60074901757219	0
7585.0	36.59079334230323	0
7595.0	36.57948185781662	0
7605.0	36.56792768938268	0
7615.0	36.547907072564286	0
7625.0	36.53017534198253	0
7635.0	36.51356146050675	0
7645.0	36.49932633081364	0
7655.0	36.486415786098846	0
7665.0	36.46955715883895	0
7675.0	36.45248633540909	0
7685.0	36.433806011015626	0
7695.0	36.41194640698014	0
7705.0	36.39665989150069	0
7715.0	36.37572990993355	0
7725.0	36.35569559569345	0
7735.0	36.335657158140094	0
7745.0	36.31561927969991	0
7755.0	36.29377323528232	0
7765.0	36.27461674080736	0
7775.0	36.26136207728168	0
7785.0	36.24915459237235	0
7795.0	36.22922010459225	0
7805.0	36.20800315641165	0
7815.0	36.1874937821891	0
7825.0	36.164445761975756	0
7835.0	36.143651421563	0
7845.0	36.12186088020581	0
7855.0	36.10408119279381	0
7865.0	36.0800477396837	0
7875.0	36.06562351666761	0
7885.0	36.048054007825094	0
7895.0	36.03252665011559	0
7905.0	36.01743418613688	0
7915.0	36.00745547336867	0
7925.0	35.99708716525808	0
7935.0	35.98914659930289	0
7945.0	35.98192889720664	0
7955.0	35.97631162902566	0
7965.0	35.976439324921344	0
7975.0	35.974368587485365	0
7985.0	35.98741117731201	0
7995.0	35.98806037252235	0
8005.0	35.992732305203944	0
8015.0	35.997023849582675	0
8025.0	36.003872332171106	0
8035.0	36.014904297219985	0
8045.0	36.02764175722398	0
8055.0	36.040183927059616	0
8065.0	36.06032702798358	0
8075.0	36.07847726491224	0
8085.0	36.09601603141514	0
8095.0	36.11469562578842	0
8105.0	36.13641801156142	0
8115.0	36.159460419596634	0
8125.0	36.187147847705596	0
8135.0	36.21614639138284	0
8145.0	36.25908731362212	0
8155.0	36.294217488784234	0
8165.0	36.32817482699918	0
8175.0	36.36317095968186	0
8185.0	36.40852454017045	0
8195.0	36.44578775324183	0
8205.0	36.48060034046562	0
8215.0	36.51600978309914	0
8225.0	36.55157279229842	0
8235.0	36.58580741419057	0
8245.0	36.62606538981614	0
8255.0	36.66506392054583	0
8265.0	36.702306157442884	0
8275.0	36.73946604377298	0
8285.0	36.77897260589439	0
8295.0	36.82496845855803	0
8305.0	36.865208645507835	0
8315.0	36.90788688390054	0
8325.0	36.96007557635768	0
8335.0	36.99969061979448	0
8345.0	37.04487595050538	0
8355.0	37.089637536196186	0
8365.0	37.13678830099603	0
8375.0	37.1802082390499	0
8385.0	37.2360389106944	0
8395.0	37.28310116834849	0
8405.0	37.332785693212614	0
8415.0	37.379806813682876	0
8425.0	37.4283538706308	0
8435.0	37.47329072268686	0
8445.0	37.5217726421168	0
8455.0	37.57344011957479	0
8465.0	37.621367413169025	0
8475.0	37.67275677445397	0
8485.0	37.72237671243524	0
8495.0	37.76753813638281	0
8505.0	37.80871289011359	0
8515.0	37.86496486462801	0
8525.0	37.913372084018214	0
8535.0	37.95819274978312	0
8545.0	38.00188799687265	0
8555.0	38.04588432029237	0
8565.0	38.08875996361423	0
8575.0	38.131513506368584	0
8585.0	38.177514550307855	0
8595.0	38.21450818207816	0
8605.0	38.246599624529836	0
8615.0	38.277758951202166	0
8625.0	38.30784710263357	0
8635.0	38.33641786186636	0
8645.0	38.36411578205035	0
8655.0	38.387159298449276	0
8665.0	38.40632326605667	0
8675.0	38.42087040655216	0
8685.0	38.43448400809509	0
8695.0	38.45214680102863	0
8705.0	38.455859323721185	0
8715.0	38.45970197664813	0
8725.0	38.4605474116305	0
8735.0	38.46080396957326	0
8745.0	38.454986024450186	0
8755.0	38.45105252055745	0
8765.0	38.44625265158732	0
8775.0	38.43970414920018	0
8785.0	38.43347448596429	0
8795.0	38.42036184405786	0
8805.0	38.4053395146879	0
8815.0	38.38936159118412	0
8825.0	38.37027656519493	0
8835.0	38.35208039814274	0
8845.0	38.33109383653186	0
8855.0	38.31140383536501	0
8865.0	38.29395330328869	0
8875.0	38.274583166893756	0
8885.0	38.26742801862899	0
8895.0	38.25031400878587	0
8905.0	38.231090526963946	0
8915.0	38.21553576591254	0
8925.0	38.19756869548249	0
8935.0	38.180663748586795	0
8945.0	38.17004767676762	0
8955.0	38.16015086839987	0
8965.0	38.14695126969208	0
8975.0	38.13807301858789	0
8985.0	38.1382038108097	0
8995.0	38.129302403883905	0
9005.0	38.12406695246663	0
9015.0	38.11832715698292	0
9025.0	38.1143635515027	0
9035.0	38.113484427227405	0
9045.0	38.111492829094566	0
9055.0	38.110430107785305	0
9065.0	38.12284044382243	0
9075.0	38.12154437569812	0
9085.0	38.124981024407646	0
9095.0	38.12870135568928	0
9105.0	38.13222531480778	0
9115.0	38.1382463920821	0
9125.0	38.145462679104185	0
9135.0	38.14697764822596	0
9145.0	38.14861878984764	0
9155.0	38.15212871018656	0
9165.0	38.15601759768864	0
9175.0	38.1586197466899	0
9185.0	38.15937225283749	0
9195.0	38.171624460828426	0
9205.0	38.174427217622046	0
9215.0	38.17276452433774	0
9225.0	38.16880497494822	0
9235.0	38.16581269982241	0
9245.0	38.17170006564882	0
9255.0	38.1683143361654	0
9265.0	38.162491046198845	0
9275.0	38.15736491237298	0
9285.0	38.1509959782936	0
9295.0	38.14071478018205	0
9305.0	38.124355075422294	0
9315.0	38.11156584853125	0
9325.0	38.097102479621334	0
9335.0	38.08430507281683	0
9345.0	38.070587120761125	0
9355.0	38.05098315359356	0
9365.0	38.02586281720771	0
9375.0	38.00105862598968	0
9385.0	37.97387358955447	0
9395.0	37.960653765151555	0
9405.0	37.93345521415218	0
9415.0	37.900794449969965	0
9425.0	37.87000638917309	0
9435.0	37.84235778505597	0
9445.0	37.80598847692138	0
9455.0	37.76868156597935	0
9465.0	37.73467054897698	0
9475.0	37.697993973587174	0
9485.0	37.65505006164489	0
9495.0	37.612330074408504	0
9505.0	37.57040114889068	0
9515.0	37.524488232301074	0
9525.0	37.47660083424897	0
9535.0	37.42804014704385	0
9545.0	37.37729429154132	0
9555.0	37.325750723128714	0
9565.0	37.271995641919915	0
9575.0	37.215560796046404	0
9585.0	37.158549621894096	0
9595.0	37.11044215871037	0
9605.0	37.05349171027066	0
9615.0	36.999892119370855	0
9625.0	36.944361379679926	0
9635.0	36.88800478369153	0
9645.0	36.82671842968124	0
9655.0	36.76355813809593	0
9665.0	36.70312237970619	0
9675.0	36.64545671553003	0
9685.0	36.586073419594314	0
9695.0	36.53082618777619	0
9705.0	36.47033569922359	0
9715.0	36.41228074793089	0
9725.0	36.3589161061892	0
9735.0	36.30809712838844	0
9745.0	36.254544237883955	0
9755.0	36.20815065543654	0
9765.0	36.16027532121754	0
9775.0	36.1156924109874	0
9785.0	36.07815878366554	0
9795.0	36.03773762562806	0
9805.0	36.01593821759863	0
9815.0	35.982430435893846	0
9825.0	35.94601844154377	0
9835.0	35.920519971618404	0
9845.0	35.896693484057245	0
9855.0	35.87326633978173	0
9865.0	35.85018706959486	0
9875.0	35.83406446232686	0
9885.0	35.82489858385646	0
9895.0	35.818273649157845	0
9905.0	35.81074539656279	0
9915.0	35.808980858915874	0
9925.0	35.81032261138284	0
9935.0	35.813874294632	0
9945.0	35.8216391460415	0
9955.0	35.83124032321105	0
9965.0	35.843513418804164	0
9975.0	35.861224962463716	0
9985.0	35.87874756292165	0
9995.0	35.910858223907724	0
10005.0	35.94015596576558	0
10015.0	35.96420062002162	0
10025.0	35.99218093353422	0
10035.0	36.01931040607761	0
10045.0	36.04703591281921	0
10055.0	36.07583172048201	0
10065.0	36.108703376443486	0
10075.0	36.13987651717544	0
10085.0	36.17045359970128	0
10095.0	36.2027723128996	0
10105.0	36.23800671595836	0
10115.0	36.268947846786254	0
10125.0	36.29657515787083	0
10135.0	36.32548413228844	0
10145.0	36.35573271996731	0
10155.0	36.38483099285622	0
10165.0	36.40917655646191	0
10175.0	36.43531485048917	0
10185.0	36.460216505534035	0
10195.0	36.480334800121064	0
10205.0	36.49474245195567	0
10215.0	36.51851686110522	0
10225.0	36.5286449309956	0
10235.0	36.540056219902105	0
10245.0	36.549349916256546	0
10255.0	36.55135751116846	0
10265.0	36.5544065696667	0
10275.0	36.552584976588506	0
10285.0	36.545102747771274	0
10295.0	36.53843258350517	0
10305.0	36.52498512244846	0
10315.0	36.51228887797613	0
10325.0	36.493025424540164	0
10335.0	36.4730464844833	0
10345.0	36.45125578764814	0
10355.0	36.42243923439048	0
10365.0	36.39395245252863	0
10375.0	36.35990969650051	0
10385.0	36.329193202309916	0
10395.0	36.288448276610595	0
10405.0	36.24746301423884	0
10415.0	36.21223769339802	0
10425.0	36.16566807831229	0
10435.0	36.11959893342366	0
10445.0	36.070235803366444	0
10455.0	36.01975048592439	0
10465.0	35.96817118756714	0
10475.0	35.91495093006185	0
10485.0	35.85710965469881	0
10495.0	35.799537642819864	0
10505.0	35.743653513653264	0
10515.0	35.685108758301695	0
10525.0	35.628512908548345	0
10535.0	35.57048561060343	0
10545.0	35.51376038976247	0
10555.0	35.459538769271525	0
10565.0	35.40458238750727	0
10575.0	35.347837637905286	0
10585.0	35.29039635694392	0
10595.0	35.235388049839734	0
10605.0	35.18154896125551	0
10615.0	35.13539946547363	0
10625.0	35.08110121437167	0
10635.0	35.028261514714934	0
10645.0	34.979614490987814	0
10655.0	34.93266620076081	0
10665.0	34.88255959280452	0
10675.0	34.83940842450787	0
10685.0	34.796670703169674	0
10695.0	34.75476640428736	0
10705.0	34.715614857107916	0
10715.0	34.677176958855966	0
10725.0	34.63843421222435	0
10735.0	34.61138331663061	0
10745.0	34.58048163128773	0
10755.0	34.55522971160818	0
10765.0	34.52758476626694	0
10775.0	34.49791856497907	0
10785.0	34.47725682315156	0
10795.0	34.455987159962184	0
10805.0	34.43734502179736	0
10815.0	34.42257195128498	0
10825.0	34.4149122198117	0
10835.0	34.398169717514804	0
10845.0	34.38547441794493	0
10855.0	34.37374194353813	0
10865.0	34.36107521198098	0
10875.0	34.349159492976504	0
10885.0	34.345479946492304	0
10895.0	34.34098253224005	0
10905.0	34.33353434995391	0
10915.0	34.33134800064896	0
10925.0	34.33590461829373	0
10935.0	34.337271191282284	0
10945.0	34.33589657310324	0
10955.0	34.336785793572695	0
10965.0	34.33897651990003	0
10975.0	34.34240472282273	0
10985.0	34.34529700915256	0
10995.0	34.34980991274894	0
11005.0	34.354644993468845	0
11015.0	34.35492398390027	0
11025.0	34.3590984300921	0
11035.0	34.37313448199192	0
11045.0	34.37749193436833	0
11055.0	34.383906163603235	0
11065.0	34.38998735541842	0
11075.0	34.39728031050778	0
11085.0	34.40215563641421	0
11095.0	34.40443762644627	0
11105.0	34.413172271577075	0
11115.0	34.42029308672363	0
11125.0	34.424816458142956	0
11135.0	34.432315149971586	0
11145.0	34.43207046929404	0
11155.0	34.436415648828024	0
11165.0	34.443377819722244	0
11175.0	34.44594613363221	0
11185.0	34.45176026658232	0
11195.0	34.45862685216566	0
11205.0	34.461456201361	0
11215.0	34.464055518236684	0
11225.0	34.47004134511026	0
11235.0	34.48247141553325	0
11245.0	34.485517594382294	0
11255.0	34.491238772228925	0
11265.0	34.49856501400784	0
11275.0	34.49958430418472	0
11285.0	34.50580989256317	0
11295.0	34.51793895271421	0
11305.0	34.52256532167447	0
11315.0	34.52909859653073	0
11325.0	34.5321970773637	0
11335.0	34.5358006929789	0
11345.0	34.54332824556018	0
11355.0	34.54802942492441	0
11365.0	34.553695282699536	0
11375.0	34.56026982733859	0
11385.0	34.566742755421394	0
11395.0	34.574177008500335	0
11405.0	34.578135946023764	0
11415.0	34.58542188627359	0
11425.0	34.590140706631594	0
11435.0	34.596620481284525	0
11445.0	34.61173932434239	0
11455.0	34.6177877727284	0
11465.0	34.62820156040402	0
11475.0	34.635642787689534	0
11485.0	34.65267421470366	0
11495.0	34.661572083719726	0
11505.0	34.67259406231178	0
11515.0	34.682344055428544	0
11525.0	34.69351011524051	0
11535.0	34.69975969673365	0
11545.0	34.712417785348556	0
11555.0	34.71881632582443	0
11565.0	34.730145464234724	0
11575.0	34.73886898432409	0
11585.0	34.74875517547763	0
11595.0	34.76434527668932	0
11605.0	34.775673057262665	0
11615.0	34.7849421833254	0
11625.0	34.795993183467665	0
11635.0	34.806177626617064	0
11645.0	34.824585328516136	0
11655.0	34.83517431651996	0
11665.0	34.84162754911137	0
11675.0	34.8560893911048	0
11685.0	34.86723994109569	0
11695.0	34.8764907719047	0
11705.0	34.88569337564497	0
11715.0	34.892802681711245	0
11725.0	34.902212069176436	0
11735.0	34.91217374534566	0
11745.0	34.91840445409122	0
11755.0	34.92382948297323	0
11765.0	34.93150937236603	0
11775.0	34.93372688492984	0
11785.0	34.94430888731564	0
11795.0	34.95000868311972	0
11805.0	34.95771607708276	0
11815.0	34.96143907673857	0
11825.0	34.967383841753566	0
11835.0	34.97295828843543	0
11845.0	34.97735743206118	0
11855.0	34.98619939829573	0
11865.0	34.9964105616372	0
11875.0	34.999179363086	0
11885.0	34.99932888519017	0
11895.0	35.0031813713292	0
11905.0	35.00654739986242	0
11915.0	35.00656571649564	0
11925.0	35.007194716173196	0
11935.0	35.00970271944429	0
11945.0	35.01292207467736	0
11955.0	35.01240443899363	0
11965.0	35.01647156824844	0
11975.0	35.01519531818746	0
11985.0	35.01708839877618	0
11995.0	35.018845359631335	0
12005.0	35.020908329867694	0
12015.0	35.02219615041127	0
12025.0	35.02159701602122	0
12035.0	35.02555985156145	0
12045.0	35.03190663448709	0
12055.0	35.03288962851687	0
12065.0	35.04228713096541	0
12075.0	35.04813132958016	0
12085.0	35.05086981001361	0
12095.0	35.055546737871296	0
12105.0	35.06085877828526	0
12115.0	35.06483009349841	0
12125.0	35.069260170588066	0
12135.0	35.07630018318683	0
12145.0	35.083835688613284	0
12155.0	35.09109661348765	0
12165.0	35.09805458719708	0
12175.0	35.10487979876872	0
12185.0	35.11282266539708	0
12195.0	35.12002091205036	0
12205.0	35.128885598055454	0
12215.0	35.14094255641252	0
12225.0	35.15058625723873	0
12235.0	35.16629928586773	0
12245.0	35.173379076933955	0
12255.0	35.184353418283656	0
12265.0	35.200374805826435	0
12275.0	35.208550207501986	0
12285.0	35.219213049151996	0
12295.0	35.225374972942035	0
12305.0	35.23121683391814	0
12315.0	35.239308497782716	0
12325.0	35.245958797142364	0
12335.0	35.25191942747646	0
12345.0	35.25803556996822	0
12355.0	35.260492897291755	0
12365.0	35.264869650524275	0
12375.0	35.26868427612246	0
12385.0	35.27062421427114	0
12395.0	35.272332493319595	0
12405.0	35.27064576467387	0
12415.0	35.27261623837056	0
12425.0	35.27570260493701	0
12435.0	35.27066800479538	0
12445.0	35.267717565995866	0
12455.0	35.26362089977444	0
12465.0	35.25581387982142	0
12475.0	35.25312327479088	0
12485.0	35.24119819644231	0
12495.0	35.2275806088453	0
12505.0	35.21619444587254	0
12515.0	35.19906359558368	0
12525.0	35.18541720866297	0
12535.0	35.17056725753673	0
12545.0	35.15297952710983	0
12555.0	35.13389807549147	0
12565.0	35.112734140644925	0
12575.0	35.094298023372275	0
12585.0	35.073502702670204	0
12595.0	35.04810221203967	0
12605.0	35.02226995249173	0
12615.0	34.99726336548487	0
12625.0	34.96792174196182	0
12635.0	34.94021339174633	0
12645.0	34.91112698516604	0
12655.0	34.880630653900965	0
12665.0	34.84483773805118	0
12675.0	34.81458351319036	0
12685.0	34.79011509140354	0
12695.0	34.75593591664701	0
12705.0	34.72375349260101	0
12715.0	34.68943408091809	0
12725.0	34.65646899765806	0
12735.0	34.620494670173315	0
12745.0	34.58515950495912	0
12755.0	34.55013148770559	0
12765.0	34.51587456020436	0
12775.0	34.4815838797874	0
12785.0	34.44754284535936	0
12795.0	34.413392667533195	0
12805.0	34.382929706355526	0
12815.0	34.34918403078727	0
12825.0	34.31570317752123	0
12835.0	34.280882138688824	0
12845.0	34.249490514352686	0
12855.0	34.21968890214138	0
12865.0	34.18751730409249	0
12875.0	34.15617025792507	0
12885.0	34.13095499627025	0
12895.0	34.10109521977474	0
12905.0	34.073504497211815	0
12915.0	34.044110389798355	0
12925.0	34.01755291383636	0
12935.0	33.99060681928777	0
12945.0	33.96844463210267	0
12955.0	33.9428079325465	0
12965.0	33.91638261554636	0
12975.0	33.89459350648658	0
12985.0	33.868207532581316	0
12995.0	33.84906952328088	0
13005.0	33.827991177211445	0
13015.0	33.80492066559574	0
13025.0	33.782995418853204	0
13035.0	33.76095198353583	0
13045.0	33.73746083858433	0
13055.0	33.71576505975556	0
13065.0	33.69612493644375	0
13075.0	33.674071418904305	0
13085.0	33.65415053033636	0
13095.0	33.637722798872595	0
13105.0	33.6124809286425	0
13115.0	33.59221920194296	0
13125.0	33.56930865801841	0
13135.0	33.546947814480404	0
13145.0	33.522220814815185	0
13155.0	33.500139453408735	0
13165.0	33.47522437427465	0
13175.0	33.45093850007094	0
13185.0	33.431161886496284	0
13195.0	33.407216762456336	0
13205.0	33.37902587265113	0
13215.0	33.34678267058816	0
13225.0	33.317250333926324	0
13235.0	33.28866609570914	0
13245.0	33.25941467293951	0
13255.0	33.229913033362024	0
13265.0	33.19948167165448	0
13275.0	33.16715208394168	0
13285.0	33.13530289512423	0
13295.0	33.103431223468036	0
13305.0	33.07700233659535	0
13315.0	33.044159367346516	0
13325.0	33.00734459417682	0
13335.0	32.97076921928914	0
13345.0	32.93343510586999	0
13355.0	32.895638455901114	0
13365.0	32.860236164455095	0
13375.0	32.82147759284894	0
13385.0	32.781742447928394	0
13395.0	32.74351700264575	0
13405.0	32.702044268965615	0
13415.0	32.664466338117954	0
13425.0	32.62022994504704	0
13435.0	32.5790490956625	0
13445.0	32.54006558779541	0
13455.0	32.5006965789037	0
13465.0	32.45791233779307	0
13475.0	32.4194828651213	0
13485.0	32.379504616934696	0
13495.0	32.33972493027649	0
13505.0	32.30009375021573	0
13515.0	32.26946519397844	0
13525.0	32.23196102255128	0
13535.0	32.19346876593931	0
13545.0	32.15526073811235	0
13555.0	32.12383246747034	0
13565.0	32.086993934067394	0
13575.0	32.05520959309205	0
13585.0	32.01984869546955	0
13595.0	31.985834334830415	0
13605.0	31.95224144556496	0
13615.0	31.920545995919962	0
13625.0	31.888527981401285	0
13635.0	31.86095542864514	0
13645.0	31.833188178394	0
13655.0	31.805471578859265	0
13665.0	31.78027352651062	0
13675.0	31.754942407566865	0
13685.0	31.73053082613171	0
13695.0	31.705817599263145	0
13705.0	31.683022627796756	0
13715.0	31.665761975655894	0
13725.0	31.64442463829814	0
13735.0	31.626913626714924	0
13745.0	31.614054551404912	0
13755.0	31.596635891328088	0
13765.0	31.579857169712565	0
13775.0	31.566085427648446	0
13785.0	31.549960402198842	0
13795.0	31.537635198267377	0
13805.0	31.52583951240298	0
13815.0	31.512248937519377	0
13825.0	31.505007679160716	0
13835.0	31.49378097345112	0
13845.0	31.48433818301699	0
13855.0	31.476265830145145	0
13865.0	31.469320710621037	0
13875.0	31.462206380569892	0
13885.0	31.4593485059658	0
13895.0	31.451636386409056	0
13905.0	31.4465811680598	0
13915.0	31.44292359896015	0
13925.0	31.44616386210129	0
13935.0	31.448526088723142	0
13945.0	31.447334174349162	0
13955.0	31.443674398710918	0
13965.0	31.44173318729966	0
13975.0	31.440496314784244	0
13985.0	31.439545706244033	0
13995.0	31.440273354401175	0
14005.0	31.437994866004058	0
14015.0	31.4393909010985	0
14025.0	31.439810544019398	0
14035.0	31.44247562263553	0
14045.0	31.44035415495634	0
14055.0	31.44323798629529	0
14065.0	31.44732478194014	0
14075.0	31.44847950949249	0
14085.0	31.449295468036237	0
14095.0	31.45186200469565	0
14105.0	31.45517409153379	0
14115.0	31.453553663944934	0
14125.0	31.459221631073333	0
14135.0	31.464986643871047	0
14145.0	31.46442509368839	0
14155.0	31.464448612189585	0
14165.0	31.46231399642683	0
14175.0	31.460522142953295	0
14185.0	31.460709339777615	0
14195.0	31.46015407510908	0
14205.0	31.46119602937845	0
14215.0	31.45902153883397	0
14225.0	31.457694570866245	0
14235.0	31.456546402207138	0
14245.0	31.452541149914495	0
14255.0	31.448838849374667	0
14265.0	31.444233258456762	0
14275.0	31.43990816446478	0
14285.0	31.4360372648429	0
14295.0	31.428359380167322	0
14305.0	31.425102519374853	0
14315.0	31.42224527737911	0
14325.0	31.41986322778563	0
14335.0	31.412616252675473	0
14345.0	31.412504202300912	0
14355.0	31.40689476569564	0
14365.0	31.400970552772453	0
14375.0	31.3918555599693	0
14385.0	31.383051590048943	0
14395.0	31.37466510963772	0
14405.0	31.36820637530236	0
14415.0	31.35881389388528	0
14425.0	31.3478787093579	0
14435.0	31.33850327213879	0
14445.0	31.326749777358046	0
14455.0	31.31542252333482	0
14465.0	31.30514436700037	0
14475.0	31.29208249755048	0
14485.0	31.278305646121467	0
14495.0	31.26779629885659	0
14505.0	31.256678897982944	0
14515.0	31.2421217220986	0
14525.0	31.228995718357027	0
14535.0	31.217839579793118	0
14545.0	31.204637897951777	0
14555.0	31.19880570305371	0
14565.0	31.186865874848753	0
14575.0	31.172521338160042	0
14585.0	31.16073058427491	0
14595.0	31.147325708663445	0
14605.0	31.131244175921935	0
14615.0	31.118607535237494	0
14625.0	31.104932849189826	0
14635.0	31.0927625488006	0
14645.0	31.07943207579408	0
14655.0	31.067827013958265	0
14665.0	31.056053008370775	0
14675.0	31.042756025359363	0
14685.0	31.029415163065718	0
14695.0	31.020856282122214	0
14705.0	31.004068828977896	0
14715.0	30.993991010069884	0
14725.0	30.98320659180428	0
14735.0	30.967884167908895	0
14745.0	30.956890025070297	0
14755.0	30.94424658273591	0
14765.0	30.938082279790688	0
14775.0	30.927135267154615	0
14785.0	30.91879512256248	0
14795.0	30.907291365255546	0
14805.0	30.89613409847692	0
14815.0	30.884473119351735	0
14825.0	30.878093182680388	0
14835.0	30.86735910019364	0
14845.0	30.856182724225995	0
14855.0	30.846507484918625	0
14865.0	30.836650827010303	0
14875.0	30.82800345426138	0
14885.0	30.822425617563727	0
14895.0	30.81081903740816	0
14905.0	30.80147670640194	0
14915.0	30.792097620481623	0
14925.0	30.784131797427587	0
14935.0	30.775877139658636	0
14945.0	30.765467037467328	0
14955.0	30.758854981649524	0
14965.0	30.748297213362093	0
14975.0	30.743760263649076	0
14985.0	30.734701889137984	0
14995.0	30.726199378481144	0
15005.0	30.71715561024743	0
15015.0	30.707959662563766	0
15025.0	30.698619447607282	0
15035.0	30.688868051421935	0
15045.0	30.678274994038436	0
15055.0	30.66759366152163	0
15065.0	30.654360369036336	0
15075.0	30.64806575977172	0
15085.0	30.637538310640508	0
15095.0	30.625069443410304	0
15105.0	30.612701519923394	0
15115.0	30.599747291225356	0
15125.0	30.588732177879287	0
15135.0	30.5778682429118	0
15145.0	30.56650746413895	0
15155.0	30.554519698475612	0
15165.0	30.54073010373873	0
15175.0	30.532365952174	0
15185.0	30.516098763752133	0
15195.0	30.50171816835669	0
15205.0	30.487419604516568	0
15215.0	30.47345097192632	0
15225.0	30.455879855255365	0
15235.0	30.43950280085914	0
15245.0	30.423649197786265	0
15255.0	30.407559672794576	0
15265.0	30.39209718211468	0
15275.0	30.37437129088656	0
15285.0	30.35930351418064	0
15295.0	30.340505144960066	0
15305.0	30.323068085450828	0
15315.0	30.305032122841343	0
15325.0	30.285678125124235	0
15335.0	30.263272627057034	0
15345.0	30.243643349892874	0
15355.0	30.22058300356562	0
15365.0	30.200629577767703	0
15375.0	30.179566309648106	0
15385.0	30.163805481661676	0
15395.0	30.141793891208682	0
15405.0	30.119564024206188	0
15415.0	30.094764802915105	0
15425.0	30.073017116521612	0
15435.0	30.04961558902044	0
15445.0	30.026122470953375	0
15455.0	30.004653700750072	0
15465.0	29.979736854246898	0
15475.0	29.95615314041106	0
15485.0	29.93224287002738	0
15495.0	29.9065658902928	0
15505.0	29.878953775391118	0
15515.0	29.854107117159835	0
15525.0	29.829856016241923	0
15535.0	29.80176848042046	0
15545.0	29.773148728138022	0
15555.0	29.74787744620207	0
15565.0	29.717849256867538	0
15575.0	29.68833291619836	0
15585.0	29.66118399256596	0
15595.0	29.637253400752286	0
15605.0	29.60637590794856	0
15615.0	29.57787329562491	0
15625.0	29.54657403892059	0
15635.0	29.51511453277409	0
15645.0	29.489744960325307	0
15655.0	29.45934432074561	0
15665.0	29.428344373691427	0
15675.0	29.39816339269615	0
15685.0	29.363400361807575	0
15695.0	29.334523263769153	0
15705.0	29.304974548667747	0
15715.0	29.27392828441065	0
15725.0	29.24154167337445	0
15735.0	29.211444422120323	0
15745.0	29.176510436062138	0
15755.0	29.14460916476628	0
15765.0	29.11490455857291	0
15775.0	29.0827129028471	0
15785.0	29.05075983265026	0
15795.0	29.020903570645903	0
15805.0	28.996090827517502	0
15815.0	28.963597161081847	0
15825.0	28.931722385763308	0
15835.0	28.906510764599936	0
15845.0	28.877738871069337	0
15855.0	28.847660735396392	0
15865.0	28.81952457278007	0
15875.0	28.790581871459555	0
15885.0	28.763067694200686	0
15895.0	28.7338027406417	0
15905.0	28.704388581693014	0
15915.0	28.673596623991376	0
15925.0	28.64746590076413	0
15935.0	28.622043718542137	0
15945.0	28.591356403938605	0
15955.0	28.568161116636915	0
15965.0	28.544305805912426	0
15975.0	28.519076252421424	0
15985.0	28.49436593938366	0
15995.0	28.471230837645095	0
16005.0	28.448293397443162	0
16015.0	28.432072641886386	0
16025.0	28.414804403111447	0
16035.0	28.394173221151725	0
16045.0	28.372499905483103	0
16055.0	28.354075434164866	0
16065.0	28.33622590997038	0
16075.0	28.318178670843537	0
16085.0	28.300549404178845	0
16095.0	28.284362391778338	0
16105.0	28.265482829924895	0
16115.0	28.25049272963354	0
16125.0	28.236341225984877	0
16135.0	28.221118534594204	0
16145.0	28.20600912629918	0
16155.0	28.195236386565792	0
16165.0	28.182030874486195	0
16175.0	28.16799542117669	0
16185.0	28.15609054271561	0
16195.0	28.145620983702774	0
16205.0	28.135249053821003	0
16215.0	28.127534751323573	0
16225.0	28.12090852563324	0
16235.0	28.110289339045377	0
16245.0	28.10169245821486	0
16255.0	28.09269917521231	0
16265.0	28.083303805784873	0
16275.0	28.076253939387087	0
16285.0	28.066519276008737	0
16295.0	28.059557594929597	0
16305.0	28.051706489149712	0
16315.0	28.04325434124149	0
16325.0	28.035052294895188	0
16335.0	28.028096830761335	0
16345.0	28.019783301557364	0
16355.0	28.01263369227624	0
16365.0	28.00714906435655	0
16375.0	28.000111708603352	0
16385.0	27.992312832142968	0
16395.0	27.986716780223563	0
16405.0	27.980934978922203	0
16415.0	27.9731168769529	0
16425.0	27.967778778510315	0
16435.0	27.9656669828389	0
16445.0	27.956912457045576	0
16455.0	27.949337445587215	0
16465.0	27.944119436634406	0
16475.0	27.936180728813447	0
16485.0	27.93220798891516	0
16495.0	27.922227135975287	0
16505.0	27.914683769546787	0
16515.0	27.909248015946865	0
16525.0	27.900049136107395	0
16535.0	27.893160208405877	0
16545.0	27.886213666230315	0
16555.0	27.879469847200678	0
16565.0	27.87273785019338	0
16575.0	27.865521055802287	0
16585.0	27.858880611906525	0
16595.0	27.851087087395488	0
16605.0	27.844716233461174	0
16615.0	27.83765693265818	0
16625.0	27.83228536002684	0
16635.0	27.826119170490607	0
16645.0	27.82512752501161	0
16655.0	27.81875292839458	0
16665.0	27.813937522836827	0
16675.0	27.80622217239551	0
16685.0	27.80070329813138	0
16695.0	27.797138800626172	0
16705.0	27.793617656734973	0
16715.0	27.78809623115417	0
16725.0	27.78344908795515	0
16735.0	27.780012133232585	0
16745.0	27.77549411478024	0
16755.0	27.772179739632936	0
16765.0	27.771166052263865	0
16775.0	27.7684182737712	0
16785.0	27.76170206740488	0
16795.0	27.76245448849684	0
16805.0	27.761982995367667	0
16815.0	27.761638948264828	0
16825.0	27.7609426283098	0
16835.0	27.760859798490436	0
16845.0	27.76063455859445	0
16855.0	27.766444811897593	0
16865.0	27.769277820848835	0
16875.0	27.77150223783629	0
16885.0	27.774725861902358	0
16895.0	27.77726258943121	0
16905.0	27.77773854252528	0
16915.0	27.781446288344384	0
16925.0	27.784679270832974	0
16935.0	27.787386446435008	0
16945.0	27.79271110127783	0
16955.0	27.799399901396793	0
16965.0	27.80491453690916	0
16975.0	27.811409005684315	0
16985.0	27.822805157773804	0
16995.0	27.83069480824759	0
17005.0	27.837723448573747	0
17015.0	27.845797795050743	0
17025.0	27.85436972634608	0
17035.0	27.865722437210593	0
17045.0	27.87570017551154	0
17055.0	27.885410526963312	0
17065.0	27.900094361643728	0
17075.0	27.91011039155105	0
17085.0	27.92089797336083	0
17095.0	27.931521114038265	0
17105.0	27.941733972439124	0
17115.0	27.95339254249295	0
17125.0	27.965788006105644	0
17135.0	27.976480630172254	0
17145.0	27.990169903168283	0
17155.0	28.001208823841274	0
17165.0	28.015272393648765	0
17175.0	28.032795860332335	0
17185.0	28.045551635722596	0
17195.0	28.060295968219446	0
17205.0	28.074075144138153	0
17215.0	28.08626737833979	0
17225.0	28.101265431099986	0
17235.0	28.114258688456218	0
17245.0	28.12746036030873	0
17255.0	28.13896284845147	0
17265.0	28.151489955612437	0
17275.0	28.16697299686631	0
17285.0	28.179412501887583	0
17295.0	28.190486027287495	0
17305.0	28.19976341841527	0
17315.0	28.2101709053368	0
17325.0	28.219911424436653	0
17335.0	28.230541827289205	0
17345.0	28.23953995233353	0
17355.0	28.24817161794315	0
17365.0	28.258834328401594	0
17375.0	28.267508670035546	0
17385.0	28.274723552244595	0
17395.0	28.27873769012029	0
17405.0	28.282559544360407	0
17415.0	28.286944392368955	0
17425.0	28.290890349991987	0
17435.0	28.295000103815543	0
17445.0	28.297495653688237	0
17455.0	28.30062681603694	0
17465.0	28.30225611885998	0
17475.0	28.30356695614526	0
17485.0	28.30767848531393	0
17495.0	28.30627424087492	0
17505.0	28.3059996391968	0
17515.0	28.301884762888278	0
17525.0	28.298222089558912	0
17535.0	28.29475570981794	0
17545.0	28.28958621576464	0
17555.0	28.286406632887292	0
17565.0	28.27812049614573	0
17575.0	28.271961164047884	0
17585.0	28.265903857468594	0
17595.0	28.256249951152803	0
17605.0	28.246055947003057	0
17615.0	28.235399086639504	0
17625.0	28.223025738115727	0
17635.0	28.210915037983035	0
17645.0	28.19845898079822	0
17655.0	28.186762271738388	0
17665.0	28.17296158510825	0
17675.0	28.157533477169384	0
17685.0	28.139681787223267	0
17695.0	28.126575938097474	0
17705.0	28.10948694017473	0
17715.0	28.0922837709483	0
17725.0	28.075174258652787	0
17735.0	28.055466453387133	0
17745.0	28.03928144618113	0
17755.0	28.017229391545364	0
17765.0	27.99630303081523	0
17775.0	27.974710922939583	0
17785.0	27.95404879835016	0
17795.0	27.931420041317526	0
17805.0	27.910342534343783	0
17815.0	27.88907730985063	0
17825.0	27.86515700179168	0
17835.0	27.842197088897812	0
17845.0	27.819039376486785	0
17855.0	27.795552452260356	0
17865.0	27.77250613985866	0
17875.0	27.750633537377773	0
17885.0	27.72937896613134	0
17895.0	27.705726725399867	0
17905.0	27.686311191547333	0
17915.0	27.661684051000908	0
17925.0	27.637234215985725	0
17935.0	27.618938914945268	0
17945.0	27.595527689845003	0
17955.0	27.57174760025035	0
17965.0	27.549493692665497	0
17975.0	27.527828341135198	0
17985.0	27.505926802445394	0
17995.0	27.484401445840753	0
18005.0	27.461330414453712	0
18015.0	27.437559022417656	0
18025.0	27.417162597501388	0
18035.0	27.395692989107783	0
18045.0	27.374755535110555	0
18055.0	27.354891314481613	0
18065.0	27.33550772555926	0
18075.0	27.317261588330737	0
18085.0	27.298242548778155	0
18095.0	27.279093622288972	0
18105.0	27.26135664713396	0
18115.0	27.248028625211354	0
18125.0	27.231117465838093	0
18135.0	27.217480323322278	0
18145.0	27.201847305506103	0
18155.0	27.185521732154097	0
18165.0	27.16922484361411	0
18175.0	27.153466708673744	0
18185.0	27.139886317120066	0
18195.0	27.12587210693337	0
18205.0	27.11253365410609	0
18215.0	27.098730901872198	0
18225.0	27.08619281781072	0
18235.0	27.075366080451108	0
18245.0	27.06456522910675	0
18255.0	27.051467470858075	0
18265.0	27.04304267513293	0
18275.0	27.03375562754479	0
18285.0	27.022774608281246	0
18295.0	27.013415743046952	0
18305.0	27.001181456084296	0
18315.0	26.993016022793874	0
18325.0	26.990149682836133	0
18335.0	26.981067004137923	0
18345.0	26.97352039191747	0
18355.0	26.966032683485363	0
18365.0	26.9546984454341	0
18375.0	26.94599514809669	0
18385.0	26.93865807748022	0
18395.0	26.93126944110869	0
18405.0	26.92566428853778	0
18415.0	26.91812781276714	0
18425.0	26.911456937856993	0
18435.0	26.90407638489419	0
18445.0	26.89800042784685	0
18455.0	26.890365826531056	0
18465.0	26.884229666562742	0
18475.0	26.87820263972879	0
18485.0	26.87181369257762	0
18495.0	26.86469572096679	0
18505.0	26.857145515462406	0
18515.0	26.8515748345796	0
18525.0	26.844412192506105	0
18535.0	26.839183181217656	0
18545.0	26.835515976344784	0
18555.0	26.827514850812737	0
18565.0	26.818251120778253	0
18575.0	26.810308027358527	0
18585.0	26.80292097429484	0
18595.0	26.793841741485938	0
18605.0	26.781485802296046	0
18615.0	26.769123329859006	0
18625.0	26.753456635582157	0
18635.0	26.740590916513693	0
18645.0	26.727152831550413	0
18655.0	26.71168871038381	0
18665.0	26.697663330300866	0
18675.0	26.682807608674455	0
18685.0	26.666582211230253	0
18695.0	26.649009432649642	0
18705.0	26.631561431382373	0
18715.0	26.613217934487555	0
18725.0	26.595156990049425	0
18735.0	26.573661642149265	0
18745.0	26.553718048095693	0
18755.0	26.535927599876107	0
18765.0	26.513585375288486	0
18775.0	26.490403027252736	0
18785.0	26.46558859420448	0
18795.0	26.438651977309934	0
18805.0	26.41127036543413	0
18815.0	26.38411815889857	0
18825.0	26.35516033082782	0
18835.0	26.32516769954585	0
18845.0	26.294343773654948	0
18855.0	26.260441520330975	0
18865.0	26.226761345744485	0
18875.0	26.19263243787859	0
18885.0	26.156520089386674	0
18895.0	26.118419731528974	0
18905.0	26.07754036196775	0
18915.0	26.036542666472137	0
18925.0	25.994354833337663	0
18935.0	25.951160242881645	0
18945.0	25.906728479986104	0
18955.0	25.859380180726067	0
18965.0	25.813807626817088	0
18975.0	25.763144377740716	0
18985.0	25.709414494293558	0
18995.0	25.65437427737652	0
19005.0	25.597173897414716	0
19015.0	25.538511050514384	0
19025.0	25.477906495000287	0
19035.0	25.41340442911556	0
19045.0	25.346953750218038	0
19055.0	25.279607581475553	0
19065.0	25.20892005350781	0
19075.0	25.13642473139226	0
19085.0	25.06201409657018	0
19095.0	24.983277300616574	0
19105.0	24.90349366424312	0
19115.0	24.820423667346994	0
19125.0	24.734826153704272	0
19135.0	24.64584489842917	0
19145.0	24.555026739626594	0
19155.0	24.45975174296237	0
19165.0	24.36256754827248	0
19175.0	24.26505542091375	0
19185.0	24.160785614948896	0
19195.0	24.053869378131377	0
19205.0	23.9447083868923	0
19215.0	23.831341333575207	0
19225.0	23.714404776364166	0
19235.0	23.592758490229613	0
19245.0	23.469188442624173	0
19255.0	23.34292620966567	0
19265.0	23.211754666094045	0
19275.0	23.078377133815472	0
19285.0	22.939267780579307	0
19295.0	22.79847292139975	0
19305.0	22.65418426233265	0
19315.0	22.505736280756256	0
19325.0	22.353405063061658	0
19335.0	22.197963638230807	0
19345.0	22.03730479296674	0
19355.0	21.875665732143712	0
19365.0	21.70818946318931	0
19375.0	21.53633271072069	0
19385.0	21.365896747005248	0
19395.0	21.187947222372184	0
19405.0	21.007245564457087	0
19415.0	20.820841601235553	0
19425.0	20.63243947207751	0
19435.0	20.440982201702752	0
19445.0	20.24463360407863	0
19455.0	20.04574726116863	0
19465.0	19.843070521320364	0
19475.0	19.637301364312908	0
19485.0	19.428105226704115	0
19495.0	19.21655137260443	0
19505.0	19.001518730633343	0
19515.0	18.783101891383577	0
19525.0	18.561651327526064	0
19535.0	18.337884009825974	0
19545.0	18.110702188826178	0
19555.0	17.880366476372668	0
19565.0	17.646747543101988	0
19575.0	17.4124304152299	0
19585.0	17.175075463679825	0
19595.0	16.93845430335302	0
19605.0	16.69649546326134	0
19615.0	16.453009963830326	0
19625.0	16.206041006582115	0
19635.0	15.95907795326683	0
19645.0	15.709825333835495	0
19655.0	15.458823788102155	0
19665.0	15.204884674645388	0
19675.0	14.950088920061289	0
19685.0	14.693937327512133	0
19695.0	14.436837704438444	0
19705.0	14.17868846483401	0
19715.0	13.92126613242137	0
19725.0	13.662384385821795	0
19735.0	13.403633976284882	0
19745.0	13.143755258208088	0
19755.0	12.884097389280917	0
19765.0	12.624669370458673	0
19775.0	12.365490166447815	0
19785.0	12.107604016919254	0
19795.0	11.849319230837969	0
19805.0	11.59558918945886	0
19815.0	11.339260282473585	0
19825.0	11.08475704950747	0
19835.0	10.830151052141762	0
19845.0	10.57699291945201	0
19855.0	10.324821181866835	0
19865.0	10.075977624098227	0
19875.0	9.82807127181331	0
19885.0	9.582508172710478	0
19895.0	9.337691515252942	0
19905.0	9.095549308027412	0
19915.0	8.853727539854836	0
19925.0	8.616416159046704	0
19935.0	8.383221280352926	0
19945.0	8.151677379477167	0
19955.0	7.92270997250807	0
19965.0	7.696564063195606	0
19975.0	7.472221743829441	0
19985.0	7.25086458205241	0
19995.0	7.033975308597072	0
20005.0	6.819659074421655	0
20015.0	6.612098094998064	0
20025.0	6.404777514537382	0
20035.0	6.201512570844435	0
20045.0	6.0015054568302	0
20055.0	5.804837755485545	0
20065.0	5.611940253045685	0
20075.0	5.421903469314889	0
20085.0	5.23590708647378	0
20095.0	5.053131913418294	0
20105.0	4.874614677442498	0
20115.0	4.700717178727324	0
20125.0	4.531168266933493	0
20135.0	4.364251705212192	0
20145.0	4.199945450096367	0
20155.0	4.04128520915198	0
20165.0	3.886189897153159	0
20175.0	3.7357913811272985	0
20185.0	3.5886689145636557	0
20195.0	3.44584744813529	0
20205.0	3.3070345130042793	0
20215.0	3.1718263055151557	0
20225.0	3.0439778202440952	0
20235.0	2.9155224093660177	0
20245.0	2.7922000825138533	0
20255.0	2.673531272591342	0
20265.0	2.5573043518169594	0
20275.0	2.4447382157220083	0
20285.0	2.336612298651104	0
20295.0	2.2318734644983125	0
20305.0	2.130837966314125	0
20315.0	2.0328418460884805	0
20325.0	1.9371386456418673	0
20335.0	1.8450647098264863	0
20345.0	1.7567797643475425	0
20355.0	1.6704937751713105	0
20365.0	1.589013414654538	0
20375.0	1.5093610316648967	0
20385.0	1.4337515009280764	0
20395.0	1.3609434674662415	0
20405.0	1.2905078635634641	0
20415.0	1.2230245835890883	0
20425.0	1.1592783958816055	0
20435.0	1.0976393240300883	0
20445.0	1.041560935359433	0
20455.0	0.9852330260409585	0
20465.0	0.9310850809244362	0
20475.0	0.8797591722969008	0
20485.0	0.8305699904501506	0
20495.0	0.782989116505149	0
20505.0	0.7369871600124833	0
20515.0	0.6940624573105824	0
20525.0	0.6530148632750258	0
20535.0	0.6142583008982293	0
20545.0	0.5766308334612622	0
20555.0	0.5402347556669683	0
20565.0	0.5067184762978956	0
20575.0	0.4743785050714147	0
20585.0	0.4420997428994909	0
20595.0	0.41282582344510355	0
20605.0	0.38603315052457243	0
20615.0	0.3598901874654745	0
20625.0	0.33559290165776107	0
20635.0	0.3124914293953389	0
20645.0	0.2903814654530994	0
20655.0	0.27268053595621267	0
20665.0	0.2540739906749972	0
20675.0	0.23648291488868867	0
20685.0	0.21871230644132097	0
20695.0	0.20195049615209384	0
20705.0	0.18661308180502686	0
20715.0	0.1727390025982864	0
20725.0	0.15826464696322834	0
20735.0	0.1447667749270077	0
20745.0	0.13137230664237906	0
20755.0	0.12008948319760343	0
20765.0	0.10948844008826639	0
20775.0	0.10024541859492901	0
20785.0	0.08966155476972328	0
20795.0	0.08153549336222156	0
20805.0	0.0724768514363313	0
20815.0	0.06363618068723413	0
20825.0	0.055246135125824845	0
20835.0	0.04982240089333351	0
20845.0	0.044259020378556314	0
20855.0	0.038812803433770415	0
20865.0	0.036167427816175386	0
20875.0	0.030970751107169455	0
20885.0	0.0264635805961127	0
20895.0	0.02066445927689194	0
20905.0	0.01629233796464465	0
20915.0	0.013253656249123887	0
20925.0	0.01065481299115752	0
20935.0	0.006157056044352847	0
20945.0	0.0032492739478458574	0
20955.0	0.0008959334911904748	0
20965.0	0.0008109242941729637	0
20975.0	0.0008534334297329935	0
20985.0	0.0008976854412347547	0
20995.0	0.0009437216214973693	0
21005.0	0.0009915824254521832	0
21015.0	0.0010413073375029652	0
21025.0	0.0010929347348118126	0
21035.0	0.0011465017467585804	0
21045.0	0.0012020441108489758	0
21055.0	0.0012595960253739325	0
21065.0	0.0013191899991503871	0
21075.0	0.001380856698700964	0
21085.0	0.0014446247932571976	0
21095.0	0.0015105207979976645	0
21105.0	0.0015785689159585508	0
21115.0	0.0016487908790796461	0
21125.0	0.0017212057888733564	0
21135.0	0.0017958299572278515	0
21145.0	0.0018726767478778538	0
21155.0	0.0019517564190975414	0
21165.0	0.00203307596818952	0
21175.0	0.0021166389783615863	0
21185.0	0.002202445468598934	0
21195.0	0.0022904917471533713	0
21205.0	0.002380770269282868	0
21215.0	0.002473269499884189	0
21225.0	0.0025679737816683736	0
21235.0	0.002664863209533227	0
21245.0	0.0027639135117886703	0
21255.0	0.002865095938889691	0
21265.0	0.0029683771603275814	0
21275.0	0.0030737191703230655	0
21285.0	0.003181079202954768	0
21295.0	0.0032904096573431576	0
21305.0	0.0034016580334935336	0
21315.0	0.0035147668793818853	0
21325.0	0.0036296737498444052	0
21335.0	0.003746311177805149	0
21345.0	0.003864606658346804	0
21355.0	0.003984482646096826	0
21365.0	0.004105856566365297	0
21375.0	0.004228640840431956	0
21385.0	0.004352742925337925	0
21395.0	0.00447806536849286	0
21405.0	0.004604505877360834	0
21415.0	0.004731957404438066	0
21425.0	0.004860308247683249	0
21435.0	0.00498944216650649	0
21445.0	0.005119238513366141	0
21455.0	0.005249572380964384	0
21465.0	0.0053803147649723665	0
21475.0	0.0055113327421543274	0
21485.0	0.005642489663697914	0
21495.0	0.005773645363494662	0
21505.0	0.005904656381051194	0
21515.0	0.00603537619864795	0
21525.0	0.00616565549229871	0
21535.0	0.006295342396001215	0
21545.0	0.006424282778706807	0
21555.0	0.006552320533376004	0
21565.0	0.0066792978774271716	0
21575.0	0.006805055663827542	0
21585.0	0.006929433702020071	0
21595.0	0.00705227108782611	0
21605.0	0.007173406541413286	0
21615.0	0.007292678752370225	0
21625.0	0.007409926730885439	0
21635.0	0.007524990163986879	0
21645.0	0.007637709775761754	0
21655.0	0.0077479276904433535	0
21665.0	0.007855487797223113	0
21675.0	0.007960236115622197	0
21685.0	0.008062021160237506	0
21695.0	0.008160694303662789	0
21705.0	0.00825611013637602	0
21715.0	0.008348126822380064	0
21725.0	0.008436606449384581	0
21735.0	0.008521415372323446	0
21745.0	0.008602424549013516	0
21755.0	0.008679509866777457	0
21765.0	0.008752552458875592	0
21775.0	0.00882143900961915	0
21785.0	0.008886062047069869	0
21795.0	0.008946320222268597	0
21805.0	0.009002118573978035	0
21815.0	0.009053368777972071	0
21825.0	0.009099989379955998	0
21835.0	0.009141906011258052	0
21845.0	0.009179051586492902	0
21855.0	0.009211366482461847	0
21865.0	0.009238798697621895	0
21875.0	0.009261303991526798	0
21885.0	0.009278846003716637	0
21895.0	0.009291396351608774	0
21905.0	0.009298934707021226	0
21915.0	0.00930144885103974	0
21925.0	0.009298934707021226	0
21935.0	0.009291396351608774	0
21945.0	0.009278846003716637	0
21955.0	0.009261303991526798	0
21965.0	0.009238798697621895	0
21975.0	0.009211366482461847	0
21985.0	0.009179051586492902	0
21995.0	0.009141906011258052	0
22005.0	0.009099989379955998	0
22015.0	0.009053368777972071	0
22025.0	0.009002118573978035	0
22035.0	0.008946320222268597	0
22045.0	0.008886062047069869	0
22055.0	0.00882143900961915	0
22065.0	0.008752552458875592	0
22075.0	0.008679509866777457	0
22085.0	0.008602424549013516	0
22095.0	0.008521415372323446	0
22105.0	0.008436606449384581	0
22115.0	0.008348126822380064	0
22125.0	0.00825611013637602	0
22135.0	0.008160694303662789	0
22145.0	0.008062021160237506	0
22155.0	0.007960236115622197	0
22165.0	0.007855487797223113	0
22175.0	0.0077479276904433535	0
22185.0	0.007637709775761754	0
22195.0	0.007524990163986879	0
22205.0	0.007409926730885439	0
22215.0	0.007292678752370225	0
22225.0	0.007173406541413286	0
22235.0	0.00705227108782611	0
22245.0	0.006929433702020071	0
22255.0	0.006805055663827542	0
22265.0	0.0066792978774271716	0
22275.0	0.006552320533376004	0
22285.0	0.006424282778706807	0
22295.0	0.006295342396001215	0
22305.0	0.00616565549229871	0
22315.0	0.00603537619864795	0
22325.0	0.005904656381051194	0
22335.0	0.005773645363494662	0
22345.0	0.005642489663697914	0
22355.0	0.0055113327421543274	0
22365.0	0.0053803147649723665	0
22375.0	0.005249572380964384	0
22385.0	0.005119238513366141	0
22395.0	0.00498944216650649	0
22405.0	0.004860308247683249	0
22415.0	0.004731957404438066	0
22425.0	0.004604505877360834	0
22435.0	0.00447806536849286	0
22445.0	0.004352742925337925	0
22455.0	0.004228640840431956	0
22465.0	0.004105856566365297	0
22475.0	0.003984482646096826	0
22485.0	0.003864606658346804	0
22495.0	0.003746311177805149	0
22505.0	0.0036296737498444052	0
22515.0	0.0035147668793818853	0
22525.0	0.0034016580334935336	0
22535.0	0.0032904096573431576	0
22545.0	0.003181079202954768	0
22555.0	0.0030737191703230655	0
22565.0	0.0029683771603275814	0
22575.0	0.002865095938889691	0
22585.0	0.0027639135117886703	0
22595.0	0.002664863209533227	0
22605.0	0.0025679737816683736	0
22615.0	0.002473269499884189	0
22625.0	0.002380770269282868	0
22635.0	0.0022904917471533713	0
22645.0	0.002202445468598934	0
22655.0	0.0021166389783615863	0
22665.0	0.00203307596818952	0
22675.0	0.0019517564190975414	0
22685.0	0.0018726767478778538	0
22695.0	0.0017958299572278515	0
22705.0	0.0017212057888733564	0
22715.0	0.0016487908790796461	0
22725.0	0.0015785689159585508	0
22735.0	0.0015105207979976645	0
22745.0	0.0014446247932571976	0
22755.0	0.001380856698700964	0
22765.0	0.0013191899991503871	0
22775.0	0.0012595960253739325	0
22785.0	0.0012020441108489758	0
22795.0	0.0011465017467585804	0
22805.0	0.0010929347348118126	0
22815.0	0.0010413073375029652	0
22825.0	0.0009915824254521832	0
22835.0	0.0009437216214973693	0
22845.0	0.0008976854412347547	0
22855.0	0.0008534334297329935	0
22865.0	0.0008109242941729637	0
22875.0	0.0007701160321925242	0
22885.0	0.000730966055742124	0
22895.0	0.000693431310283345	0
22905.0	0.0006574683891880278	0
22915.0	0.0006230336432205099	0
22925.0	0.0005900832850096376	0
22935.0	0.0005585734884404682	0
22945.0	0.0005284604829179528	0
22955.0	0.0004997006424762727	0
22965.0	0.0004722505697278739	0
22975.0	0.0004460671746655555	0
22985.0	0.0004211077483491742	0
22995.0	0.00039733003152561946	0
23005.0	0.00037469227824665476	0
23015.0	0.0003531533145640138	0
23025.0	0.00033267259239476806	0
23035.0	0.0003132102386624501	0
23045.0	0.00029472709983073726	0
23055.0	0.00027718478195667176	0
23065.0	0.0002605456863994499	0
23075.0	0.0002447730413287641	0
23085.0	0.00022983092918356292	0
23095.0	0.00021568431023793281	0
23105.0	0.00020229904243563565	0
23115.0	0.00018964189765869832	0
23125.0	0.00017768057459838685	0
23135.0	0.0001663837083989415	0
23145.0	0.0001557208772456612	0
23155.0	0.00014566260606933723	0
23165.0	0.0001361803675387061	0
23175.0	0.00012724658051156164	0
23185.0	0.00011883460611349106	0
23195.0	0.00011091874161092387	0
23205.0	0.0	0
23215.0	0.0	0
23225.0	0.0	0
23235.0	0.0	0
23245.0	0.0	0
23255.0	0.0	0
23265.0	0.0	0
23275.0	0.0	0
23285.0	0.0	0
23295.0	0.0	0
23305.0	0.0	0
23315.0	0.0	0
23325.0	0.0	0
23335.0	0.0	0
23345.0	0.0	0
23355.0	0.0	0
23365.0	0.0	0
23375.0	0.0	0
23385.0	0.0	0
23395.0	0.0	0
23405.0	0.0	0
23415.0	0.0	0
23425.0	0.0	0
23435.0	0.0	0
23445.0	0.0	0
23455.0	0.0	0
23465.0	0.0	0
23475.0	0.0	0
23485.0	0.0	0
23495.0	0.0	0
23505.0	0.0	0
23515.0	0.0	0
23525.0	0.0	0
23535.0	0.0	0
23545.0	0.0	0
23555.0	0.0	0
23565.0	0.0	0
23575.0	0.0	0
23585.0	0.0	0
23595.0	0.0	0
23605.0	0.0	0
23615.0	0.0	0
23625.0	0.0	0
23635.0	0.0	0
23645.0	0.0	0
23655.0	0.0	0
23665.0	0.0	0
23675.0	0.0	0
23685.0	0.0	0
23695.0	0.0	0
23705.0	0.0	0
23715.0	0.0	0
23725.0	0.0	0
23735.0	0.0	0
23745.0	0.0	0
23755.0	0.0	0
23765.0	0.0	0
23775.0	0.0	0
23785.0	0.0	0
23795.0	0.0	0
23805.0	0.0	0
23815.0	0.0	0
23825.0	0.0	0
23835.0	0.0	0
23845.0	0.0	0
23855.0	0.0	0
23865.0	0.0	0
23875.0	0.0	0
23885.0	0.0	0
23895.0	0.0	0
23905.0	0.0	0
23915.0	0.0	0
23925.0	0.0	0
23935.0	0.0	0
23945.0	0.0	0
23955.0	0.0	0
23965.0	0.0	0
23975.0	0.0	0
23985.0	0.0	0
23995.0	0.0	0
24005.0	0.0	0
24015.0	0.0	0
24025.0	0.0	0
24035.0	0.0	0
24045.0	0.0	0
24055.0	0.0	0
24065.0	0.0	0
24075.0	0.0	0
24085.0	0.0	0
24095.0	0.0	0
24105.0	0.0	0
24115.0	0.0	0
24125.0	0.0	0
24135.0	0.0	0
24145.0	0.0	0
24155.0	0.0	0
24165.0	0.0	0
24175.0	0.0	0
24185.0	0.0	0
24195.0	0.0	0
24205.0	0.0	0
24215.0	0.0	0
24225.0	0.0	0
24235.0	0.0	0
24245.0	0.0	0
24255.0	0.0	0
24265.0	0.0	0
24275.0	0.0	0
24285.0	0.0	0
24295.0	0.0	0
24305.0	0.0	0
24315.0	0.0	0
24325.0	0.0	0
24335.0	0.0	0
24345.0	0.0	0
24355.0	0.0	0
24365.0	0.0	0
24375.0	0.0	0
24385.0	0.0	0
24395.0	0.0	0
24405.0	0.0	0
24415.0	0.0	0
24425.0	0.0	0
24435.0	0.0	0
24445.0	0.0	0
24455.0	0.0	0
24465.0	0.0	0
24475.0	0.0	0
24485.0	0.0	0
24495.0	0.0	0
24505.0	0.0	0
24515.0	0.0	0
24525.0	0.0	0
24535.0	0.0	0
24545.0	0.0	0
24555.0	0.0	0
24565.0	0.0	0
24575.0	0.0	0
24585.0	0.0	0
24595.0	0.0	0
24605.0	0.0	0
24615.0	0.0	0
24625.0	0.0	0
24635.0	0.0	0
24645.0	0.0	0
24655.0	0.0	0
24665.0	0.0	0
24675.0	0.0	0
24685.0	0.0	0
24695.0	0.0	0
24705.0	0.0	0
24715.0	0.0	0
24725.0	0.0	0
24735.0	0.0	0
24745.0	0.0	0
24755.0	0.0	0
24765.0	0.0	0
24775.0	0.0	0
24785.0	0.0	0
24795.0	0.0	0
24805.0	0.0	0
24815.0	0.0	0
24825.0	0.0	0
24835.0	0.0	0
24845.0	0.0	0
24855.0	0.0	0
24865.0	0.0	0
24875.0	0.0	0
24885.0	0.0	0
24895.0	0.0	0
24905.0	0.0	0
24915.0	0.0	0
24925.0	0.0	0
24935.0	0.0	0
24945.0	0.0	0
24955.0	0.0	0
24965.0	0.0	0
24975.0	0.0	0
24985.0	0.0	0
24995.0	0.0	0
25005.0	0.0	0
25015.0	0.0	0
25025.0	0.0	0
25035.0	0.0	0
25045.0	0.0	0
25055.0	0.0	0
25065.0	0.0	0
25075.0	0.0	0
25085.0	0.0	0
25095.0	0.0	0
25105.0	0.0	0
25115.0	0.0	0
25125.0	0.0	0
25135.0	0.0	0
25145.0	0.0	0
25155.0	0.0	0
25165.0	0.0	0
25175.0	0.0	0
25185.0	0.0	0
25195.0	0.0	0
25205.0	0.0	0
25215.0	0.0	0
25225.0	0.0	0
25235.0	0.0	0
25245.0	0.0	0
25255.0	0.0	0
25265.0	0.0	0
25275.0	0.0	0
25285.0	0.0	0
25295.0	0.0	0
25305.0	0.0	0
25315.0	0.0	0
25325.0	0.0	0
25335.0	0.0	0
25345.0	0.0	0
25355.0	0.0	0
25365.0	0.0	0
25375.0	0.0	0
25385.0	0.0	0
25395.0	0.0	0
25405.0	0.0	0
25415.0	0.0	0
25425.0	0.0	0
25435.0	0.0	0
25445.0	0.0	0
25455.0	0.0	0
25465.0	0.0	0
25475.0	0.0	0
25485.0	0.0	0
25495.0	0.0	0
25505.0	0.0	0
25515.0	0.0	0
25525.0	0.0	0
25535.0	0.0	0
25545.0	0.0	0
25555.0	0.0	0
25565.0	0.0	0
25575.0	0.0	0
25585.0	0.0	0
25595.0	0.0	0
25605.0	0.0	0
25615.0	0.0	0
25625.0	0.0	0
25635.0	0.0	0
25645.0	0.0	0
25655.0	0.0	0
25665.0	0.0	0
25675.0	0.0	0
25685.0	0.0	0
25695.0	0.0	0
25705.0	0.0	0
25715.0	0.0	0
25725.0	0.0	0
25735.0	0.0	0
25745.0	0.0	0
25755.0	0.0	0
25765.0	0.0	0
25775.0	0.0	0
25785.0	0.0	0
25795.0	0.0	0
25805.0	0.0	0
25815.0	0.0	0
25825.0	0.0	0
25835.0	0.0	0
25845.0	0.0	0
25855.0	0.0	0
25865.0	0.0	0
25875.0	0.0	0
25885.0	0.0	0
25895.0	0.0	0
25905.0	0.0	0
25915.0	0.0	0
25925.0	0.0	0
25935.0	0.0	0
25945.0	0.0	0
25955.0	0.0	0
25965.0	0.0	0
25975.0	0.0	0
25985.0	0.0	0
25995.0	0.0	0
26005.0	0.0	0
26015.0	0.0	0
26025.0	0.0	0
26035.0	0.0	0
26045.0	0.0	0
26055.0	0.0	0
26065.0	0.0	0
26075.0	0.0	0
26085.0	0.0	0
26095.0	0.0	0
26105.0	0.0	0
26115.0	0.0	0
26125.0	0.0	0
26135.0	0.0	0
26145.0	0.0	0
26155.0	0.0	0
26165.0	0.0	0
26175.0	0.0	0
26185.0	0.0	0
26195.0	0.0	0
26205.0	0.0	0
26215.0	0.0	0
26225.0	0.0	0
26235.0	0.0	0
26245.0	0.0	0
26255.0	0.0	0
26265.0	0.0	0
26275.0	0.0	0
26285.0	0.0	0
26295.0	0.0	0
26305.0	0.0	0
26315.0	0.0	0
26325.0	0.0	0
26335.0	0.0	0
26345.0	0.0	0
26355.0	0.0	0
26365.0	0.0	0
26375.0	0.0	0
26385.0	0.0	0
26395.0	0.0	0
26405.0	0.0	0
26415.0	0.0	0
26425.0	0.0	0
26435.0	0.0	0
26445.0	0.0	0
26455.0	0.0	0
26465.0	0.0	0
26475.0	0.0	0
26485.0	0.0	0
26495.0	0.0	0
26505.0	0.0	0
26515.0	0.0	0
26525.0	0.0	0
26535.0	0.0	0
26545.0	0.0	0
26555.0	0.0	0
26565.0	0.0	0
26575.0	0.0	0
26585.0	0.0	0
26595.0	0.0	0
26605.0	0.0	0
26615.0	0.0	0
26625.0	0.0	0
26635.0	0.0	0
26645.0	0.0	0
26655.0	0.0	0
26665.0	0.0	0
26675.0	0.0	0
26685.0	0.0	0
26695.0	0.0	0
26705.0	0.0	0
26715.0	0.0	0
26725.0	0.0	0
26735.0	0.0	0
26745.0	0.0	0
26755.0	0.0	0
26765.0	0.0	0
26775.0	0.0	0
26785.0	0.0	0
26795.0	0.0	0
26805.0	0.0	0
26815.0	0.0	0
26825.0	0.0	0
26835.0	0.0	0
26845.0	0.0	0
26855.0	0.0	0
26865.0	0.0	0
26875.0	0.0	0
26885.0	0.0	0
26895.0	0.0	0
26905.0	0.0	0
26915.0	0.0	0
26925.0	0.0	0
26935.0	0.0	0
26945.0	0.0	0
26955.0	0.0	0
26965.0	0.0	0
26975.0	0.0	0
26985.0	0.0	0
26995.0	0.0	0
27005.0	0.0	0
27015.0	0.0	0
27025.0	0.0	0
27035.0	0.0	0
27045.0	8.37920911499622e-05	0
27055.0	8.85483034747671e-05	0
27065.0	9.354250480607188e-05	0
27075.0	9.878460765285418e-05	0
27085.0	0.00010428482049160995	0
27095.0	0.00011005365000723593	0
27105.0	0.0001161019029354067	0
27115.0	0.00012244068748038008	0
27125.0	0.00012908141428176153	0
27135.0	0.00013603579690340845	0
27145.0	0.0001433158518173591	0
27155.0	0.0001509338978554365	0
27165.0	0.000158902555101009	0
27175.0	0.00016723474319328243	0
27185.0	0.0001759436790164726	0
27195.0	0.00018504287374624894	0
27205.0	0.0001945461292259671	0
27215.0	0.00020446753364541614	0
27225.0	0.00021482145649510254	0
27235.0	0.00022562254276948035	0
27245.0	0.00023688570639301805	0
27255.0	0.0002486261228435722	0
27265.0	0.0002608592209482175	0
27275.0	0.0002736006738274684	0
27285.0	0.00028686638896471454	0
27295.0	0.00030067249737869594	0
27305.0	0.0003150353418779517	0
27315.0	0.0003299714643773998	0
27325.0	0.00034549759225854765	0
27335.0	0.0003616306237562821	0
27345.0	0.0003783876123567681	0
27355.0	0.0003957857501926658	0
27365.0	0.0004138423504236931	0
27375.0	0.00043257482859247883	0
27385.0	0.0004520006829477002	0
27395.0	0.0004721374737286575	0
27405.0	0.0004930028014077086	0
27415.0	0.0005146142838893807	0
27425.0	0.0005369895326674687	0
27435.0	0.0005601461279440367	0
27445.0	0.0005841015927169534	0
27455.0	0.0006088733658453911	0
27465.0	0.0006344787741056386	0
27475.0	0.0006609350032525608	0
27485.0	0.0006882590681051297	0
27495.0	0.0007164677816776069	0
27505.0	0.0007455777233811944	0
27515.0	0.0007756052063242681	0
27525.0	0.0008065662437426672	0
27535.0	0.0008384765145949185	0
27545.0	0.0008713513283607247	0
27555.0	0.0009052055890845217	0
27565.0	0.0009400537587094205	0
27575.0	0.0009759098197503539	0
27585.0	0.0010127872373587722	0
27595.0	0.001050698920834738	0
27605.0	0.0010896571846457555	0
27615.0	0.0011296737090151217	0
27625.0	0.001170759500146003	0
27635.0	0.001212924850150793	0
27645.0	0.001256179296758579	0
27655.0	0.001300531582876767	0
27665.0	0.001345989616086011	0
27675.0	0.001392560428150576	0
27685.0	0.001440250134629181	0
27695.0	0.0014890638946740552	0
27705.0	0.001539005871108592	0
27715.0	0.0015900791908763643	0
27725.0	0.0016422859059565603	0
27735.0	0.0016956269548429545	0
27745.0	0.0017501021246853889	0
27755.0	0.0018057100141944103	0
27765.0	0.0018624479974111339	0
27775.0	0.0019203121884455966	0
27785.0	0.0019792974072878077	0
27795.0	0.002039397146796396	0
27805.0	0.002100603540970156	0
27815.0	0.0021629073346079606	0
27825.0	0.002226297854462312	0
27835.0	0.0022907629819914027	0
27845.0	0.0023562891278137645	0
27855.0	0.0024228612079685487	0
27865.0	0.002490462622083088	0
27875.0	0.002559075233547684	0
27885.0	0.0026286793517955437	0
27895.0	0.002699253716783432	0
27905.0	0.002770775485765905	0
27915.0	0.0028432202224530057	0
27925.0	0.0029165618886378953	0
27935.0	0.0029907728383772756	0
27945.0	0.003065823814803415	0
27955.0	0.0031416839496422578	0
27965.0	0.0032183207655074844	0
27975.0	0.003295700181035385	0
27985.0	0.0033737865189201813	0
27995.0	0.0034525425169038668	0
28005.0	0.003531929341768765	0
28015.0	0.003611906606374933	0
28025.0	0.0036924323897781224	0
28035.0	0.003773463260457403	0
28045.0	0.003854954302674692	0
28055.0	0.003936859145981341	0
28065.0	0.004019129997879688	0
28075.0	0.00410171767964	0
28085.0	0.00418457166526562	0
28095.0	0.00426764012359137	0
28105.0	0.004350869963492389	0
28115.0	0.0044342068821725976	0
28125.0	0.004517595416493904	0
28135.0	0.004600978997299221	0
28145.0	0.0046843000066741245	0
28155.0	0.004767499838083951	0
28165.0	0.004850518959314928	0
28175.0	0.004933296978139905	0
28185.0	0.005015772710621235	0
28195.0	0.0050978842519554595	0
28205.0	0.00517956904975667	0
28215.0	0.005260763979667809	0
28225.0	0.005341405423181698	0
28235.0	0.005421429347546381	0
28245.0	0.0055007713876223255	0
28255.0	0.005579366929552258	0
28265.0	0.005657151196097976	0
28275.0	0.005734059333492276	0
28285.0	0.005810026499648264	0
28295.0	0.005884987953562895	0
28305.0	0.005958879145746384	0
28315.0	0.006031635809504471	0
28325.0	0.0061031940528961165	0
28335.0	0.006173490451185473	0
28345.0	0.006242462139603344	0
28355.0	0.00631004690623057	0
28365.0	0.006376183284813138	0
28375.0	0.006440810647316942	0
28385.0	0.006503869296028541	0
28395.0	0.006565300555007323	0
28405.0	0.006625046860694099	0
28415.0	0.006683051851481111	0
28425.0	0.006739260456049164	0
28435.0	0.006793618980278718	0
28445.0	0.006846075192543479	0
28455.0	0.006896578407197245	0
28465.0	0.006945079566067601	0
28475.0	0.006991531317773318	0
28485.0	0.007035888094686187	0
28495.0	0.007078106187362357	0
28505.0	0.007118143816273143	0
28515.0	0.007155961200670646	0
28525.0	0.007191520624429327	0
28535.0	0.007224786498711127	0
28545.0	0.007255725421308339	0
28555.0	0.007284306232525837	0
28565.0	0.007310500067471749	0
28575.0	0.007334280404633785	0
28585.0	0.007355623110626801	0
28595.0	0.007374506481005871	0
28605.0	0.007390911277048322	0
28615.0	0.007404820758417429	0
28625.0	0.007416220711630148	0
28635.0	0.007425099474261141	0
28645.0	0.007431447954825365	0
28655.0	0.007435259648291809	0
28665.0	0.007436530647191297	0
28675.0	0.007435259648291809	0
28685.0	0.007431447954825365	0
28695.0	0.007425099474261141	0
28705.0	0.007416220711630148	0
28715.0	0.007404820758417429	0
28725.0	0.007390911277048322	0
28735.0	0.007374506481005871	0
28745.0	0.007355623110626801	0
28755.0	0.007334280404633785	0
28765.0	0.007310500067471749	0
28775.0	0.007284306232525837	0
28785.0	0.007255725421308339	0
28795.0	0.007224786498711127	0
28805.0	0.007191520624429327	0
28815.0	0.007155961200670646	0
28825.0	0.007118143816273143	0
28835.0	0.007078106187362357	0
28845.0	0.007035888094686187	0
28855.0	0.006991531317773318	0
28865.0	0.006945079566067601	0
28875.0	0.006896578407197245	0
28885.0	0.006846075192543479	0
28895.0	0.006793618980278718	0
28905.0	0.006739260456049164	0
28915.0	0.006683051851481111	0
28925.0	0.006625046860694099	0
28935.0	0.006565300555007323	0
28945.0	0.006503869296028541	0
28955.0	0.006440810647316942	0
28965.0	0.006376183284813138	0
28975.0	0.00631004690623057	0
28985.0	0.006242462139603344	0
28995.0	0.006173490451185473	0
29005.0	0.0061031940528961165	0
29015.0	0.006031635809504471	0
29025.0	0.005958879145746384	0
29035.0	0.005884987953562895	0
29045.0	0.005810026499648264	0
29055.0	0.005734059333492276	0
29065.0	0.005657151196097976	0
29075.0	0.005579366929552258	0
29085.0	0.0055007713876223255	0
29095.0	0.005421429347546381	0
29105.0	0.005341405423181698	0
29115.0	0.005260763979667809	0
29125.0	0.00517956904975667	0
29135.0	0.0050978842519554595	0
29145.0	0.005015772710621235	0
29155.0	0.004933296978139905	0
29165.0	0.004850518959314928	0
29175.0	0.004767499838083951	0
29185.0	0.0046843000066741245	0
29195.0	0.004600978997299221	0
29205.0	0.004517595416493904	0
29215.0	0.0044342068821725976	0
29225.0	0.004350869963492389	0
29235.0	0.00426764012359137	0
29245.0	0.00418457166526562	0
29255.0	0.00410171767964	0
29265.0	0.004019129997879688	0
29275.0	0.003936859145981341	0
29285.0	0.003854954302674692	0
29295.0	0.003773463260457403	0
29305.0	0.0036924323897781224	0
29315.0	0.003611906606374933	0
29325.0	0.003531929341768765	0
29335.0	0.0034525425169038668	0
29345.0	0.0033737865189201813	0
29355.0	0.003295700181035385	0
29365.0	0.0032183207655074844	0
29375.0	0.0031416839496422578	0
29385.0	0.003065823814803415	0
29395.0	0.0029907728383772756	0
29405.0	0.0029165618886378953	0
29415.0	0.0028432202224530057	0
29425.0	0.002770775485765905	0
29435.0	0.002699253716783432	0
29445.0	0.0026286793517955437	0
29455.0	0.002559075233547684	0
29465.0	0.002490462622083088	0
29475.0	0.0024228612079685487	0
29485.0	0.0023562891278137645	0
29495.0	0.0022907629819914027	0
29505.0	0.002226297854462312	0
29515.0	0.0021629073346079606	0
29525.0	0.002100603540970156	0
29535.0	0.002039397146796396	0
29545.0	0.0019792974072878077	0
29555.0	0.0019203121884455966	0
29565.0	0.0018624479974111339	0
29575.0	0.0018057100141944103	0
29585.0	0.0017501021246853889	0
29595.0	0.0016956269548429545	0
29605.0	0.0016422859059565603	0
29615.0	0.0015900791908763643	0
29625.0	0.001539005871108592	0
29635.0	0.0014890638946740552	0
29645.0	0.001440250134629181	0
29655.0	0.001392560428150576	0
29665.0	0.001345989616086011	0
29675.0	0.001300531582876767	0
29685.0	0.001256179296758579	0
29695.0	0.001212924850150793	0
29705.0	0.001170759500146003	0
29715.0	0.0011296737090151217	0
29725.0	0.0010896571846457555	0
29735.0	0.001050698920834738	0
29745.0	0.0010127872373587722	0
29755.0	0.0009759098197503539	0
29765.0	0.0009400537587094205	0
29775.0	0.0009052055890845217	0
29785.0	0.0008713513283607247	0
29795.0	0.0008384765145949185	0
29805.0	0.0008065662437426672	0
29815.0	0.0007756052063242681	0
29825.0	0.0007455777233811944	0
29835.0	0.0007164677816776069	0
29845.0	0.0006882590681051297	0
29855.0	0.0006609350032525608	0
29865.0	0.0006344787741056386	0
29875.0	0.0006088733658453911	0
29885.0	0.0005841015927169534	0
29895.0	0.0005601461279440367	0
29905.0	0.0005369895326674687	0
29915.0	0.0005146142838893807	0
29925.0	0.0004930028014077086	0
29935.0	0.0004721374737286575	0
29945.0	0.0004520006829477002	0
29955.0	0.00043257482859247883	0
29965.0	0.0004138423504236931	0
29975.0	0.0003957857501926658	0
29985.0	0.0003783876123567681	0
