329
0.0 0.0
1.37 1e-06
1.38 1e-06
1.39 1e-06
1.4 2e-06
1.41 3e-06
1.42 5e-06
1.43 6e-06
1.44 6e-06
1.45 9e-06
1.46 1e-05
1.47 1.2e-05
1.48 1.4e-05
1.49 1.7e-05
1.5 2.1e-05
1.51 2.5e-05
1.52 2.9e-05
1.53 3.7e-05
1.54 4.2e-05
1.55 5.3e-05
1.56 6.2e-05
1.57 7.4e-05
1.58 8.3e-05
1.59 0.000101
1.6 0.00012
1.61 0.000145
1.62 0.00017
1.63 0.000197
1.64 0.000221
1.65 0.00025
1.66 0.000286
1.67 0.000331
1.68 0.000375
1.69 0.00043
1.7 0.000493
1.71 0.00057
1.72 0.000647
1.73 0.000732
1.74 0.000832
1.75 0.00094
1.76 0.001063
1.77 0.001197
1.78 0.001355
1.79 0.001517
1.8 0.001696
1.81 0.001909
1.82 0.002133
1.83 0.002398
1.84 0.002684
1.85 0.002976
1.86 0.003314
1.87 0.003695
1.88 0.004081
1.89 0.004525
1.9 0.005032
1.91 0.005572
1.92 0.006198
1.93 0.006918
1.94 0.007679
1.95 0.008525
1.96 0.009451
1.97 0.010526
1.98 0.01172
1.99 0.013073
2.0 0.014584
2.01 0.016391
2.02 0.018356
2.03 0.020599
2.04 0.023011
2.05 0.025719
2.06 0.028768
2.07 0.03197
2.08 0.035524
2.09 0.039365
2.1 0.043417
2.11 0.047761
2.12 0.052377
2.13 0.057157
2.14 0.062182
2.15 0.067499
2.16 0.073013
2.17 0.078761
2.18 0.084774
2.19 0.090876
2.2 0.097134
2.21 0.103592
2.22 0.110268
2.23 0.117197
2.24 0.12418
2.25 0.131374
2.26 0.138531
2.27 0.145833
2.28 0.153345
2.29 0.160892
2.3 0.168589
2.31 0.176419
2.32 0.184296
2.33 0.192227
2.34 0.200307
2.35 0.208467
2.36 0.216548
2.37 0.224655
2.38 0.232648
2.39 0.240957
2.4 0.249123
2.41 0.257275
2.42 0.265341
2.43 0.273498
2.44 0.281461
2.45 0.289372
2.46 0.297314
2.47 0.305136
2.48 0.312943
2.49 0.320776
2.5 0.328443
2.51 0.336159
2.52 0.34391
2.53 0.35154
2.54 0.359062
2.55 0.366506
2.56 0.373881
2.57 0.381396
2.58 0.38881
2.59 0.396119
2.6 0.403354
2.61 0.410661
2.62 0.417964
2.63 0.425185
2.64 0.432279
2.65 0.439485
2.66 0.446635
2.67 0.453817
2.68 0.460965
2.69 0.468128
2.7 0.475216
2.71 0.482452
2.72 0.489457
2.73 0.496484
2.74 0.503435
2.75 0.510454
2.76 0.51745
2.77 0.524273
2.78 0.531246
2.79 0.538197
2.8 0.545149
2.81 0.552048
2.82 0.558966
2.83 0.565935
2.84 0.572828
2.85 0.579645
2.86 0.58659
2.87 0.593472
2.88 0.600302
2.89 0.607099
2.9 0.613971
2.91 0.620794
2.92 0.62764
2.93 0.634476
2.94 0.641194
2.95 0.647954
2.96 0.654713
2.97 0.661315
2.98 0.667979
2.99 0.674658
3.0 0.681203
3.01 0.687797
3.02 0.694305
3.03 0.700765
3.04 0.707262
3.05 0.713662
3.06 0.71991
3.07 0.726328
3.08 0.73254
3.09 0.738783
3.1 0.745025
3.11 0.751162
3.12 0.75725
3.13 0.763284
3.14 0.769254
3.15 0.775283
3.16 0.781095
3.17 0.786914
3.18 0.792661
3.19 0.798442
3.2 0.804075
3.21 0.80959
3.22 0.815076
3.23 0.820538
3.24 0.825901
3.25 0.831255
3.26 0.836526
3.27 0.841732
3.28 0.84698
3.29 0.851935
3.3 0.856885
3.31 0.861697
3.32 0.866397
3.33 0.871068
3.34 0.875646
3.35 0.88028
3.36 0.884769
3.37 0.88923
3.38 0.893586
3.39 0.897792
3.4 0.901882
3.41 0.905892
3.42 0.909826
3.43 0.913662
3.44 0.917369
3.45 0.920996
3.46 0.92447
3.47 0.927918
3.48 0.931292
3.49 0.934462
3.5 0.937468
3.51 0.940405
3.52 0.943342
3.53 0.946155
3.54 0.948812
3.55 0.951321
3.56 0.953684
3.57 0.956016
3.58 0.95824
3.59 0.960399
3.6 0.962444
3.61 0.964309
3.62 0.966166
3.63 0.967916
3.64 0.96958
3.65 0.97123
3.66 0.972791
3.67 0.974267
3.68 0.975654
3.69 0.976953
3.7 0.97822
3.71 0.979378
3.72 0.980507
3.73 0.981607
3.74 0.982648
3.75 0.983642
3.76 0.984561
3.77 0.985459
3.78 0.986299
3.79 0.987102
3.8 0.987849
3.81 0.988511
3.82 0.989215
3.83 0.98981
3.84 0.9904
3.85 0.990979
3.86 0.991507
3.87 0.992011
3.88 0.99249
3.89 0.992973
3.9 0.993395
3.91 0.993793
3.92 0.994165
3.93 0.994563
3.94 0.994904
3.95 0.995232
3.96 0.995555
3.97 0.995811
3.98 0.996074
3.99 0.996322
4.0 0.996538
4.01 0.996769
4.02 0.996967
4.03 0.997162
4.04 0.997347
4.05 0.997519
4.06 0.997671
4.07 0.997817
4.08 0.997963
4.09 0.99811
4.1 0.998251
4.11 0.998371
4.12 0.998474
4.13 0.998579
4.14 0.998684
4.15 0.998781
4.16 0.998876
4.17 0.998954
4.18 0.999033
4.19 0.999105
4.2 0.999185
4.21 0.999255
4.22 0.999323
4.23 0.999383
4.24 0.999431
4.25 0.999492
4.26 0.999535
4.27 0.99958
4.28 0.999607
4.29 0.999632
4.3 0.99966
4.31 0.999686
4.32 0.999714
4.33 0.999749
4.34 0.999774
4.35 0.999796
4.36 0.999828
4.37 0.99984
4.38 0.999855
4.39 0.999873
4.4 0.999892
4.41 0.999909
4.42 0.999915
4.43 0.999922
4.44 0.99993
4.45 0.99994
4.46 0.999944
4.47 0.999952
4.48 0.99996
4.49 0.999962
4.5 0.999965
4.51 0.999969
4.52 0.999971
4.53 0.999973
4.54 0.999976
4.56 0.999979
4.57 0.999981
4.58 0.999985
4.59 0.999988
4.62 0.99999
4.63 0.999992
4.64 0.999994
4.65 0.999995
4.68 0.999998
4.73 1.0