243
0.0 0.0
1.61 0.0
1.65 4e-06
1.66 6e-06
1.68 8e-06
1.7 8e-06
1.71 1.1e-05
1.72 1.4e-05
1.73 2e-05
1.74 2.6e-05
1.75 3.4e-05
1.76 4.8e-05
1.77 6.9e-05
1.78 0.000102
1.79 0.000146
1.8 0.000193
1.81 0.000257
1.82 0.00032
1.83 0.000444
1.84 0.000554
1.85 0.00068
1.86 0.000836
1.87 0.001043
1.88 0.001307
1.89 0.001581
1.9 0.001929
1.91 0.002335
1.92 0.002805
1.93 0.003425
1.94 0.004029
1.95 0.00479
1.96 0.005651
1.97 0.006579
1.98 0.007655
1.99 0.008941
2.0 0.010342
2.01 0.011886
2.02 0.013662
2.03 0.015629
2.04 0.017716
2.05 0.020123
2.06 0.022709
2.07 0.025427
2.08 0.028524
2.09 0.03179
2.1 0.035225
2.11 0.038965
2.12 0.042946
2.13 0.047378
2.14 0.051984
2.15 0.056947
2.16 0.062079
2.17 0.067455
2.18 0.073111
2.19 0.079072
2.2 0.085424
2.21 0.092181
2.22 0.099004
2.23 0.106223
2.24 0.113532
2.25 0.121111
2.26 0.129234
2.27 0.137167
2.28 0.145599
2.29 0.154236
2.3 0.163226
2.31 0.172245
2.32 0.181577
2.33 0.191111
2.34 0.20086
2.35 0.210555
2.36 0.220617
2.37 0.230478
2.38 0.240645
2.39 0.250922
2.4 0.261022
2.41 0.271026
2.42 0.281156
2.43 0.291198
2.44 0.301275
2.45 0.311282
2.46 0.321261
2.47 0.331045
2.48 0.340679
2.49 0.3504
2.5 0.35992
2.51 0.369418
2.52 0.378785
2.53 0.388136
2.54 0.397515
2.55 0.406679
2.56 0.415804
2.57 0.42477
2.58 0.433547
2.59 0.442421
2.6 0.451188
2.61 0.459714
2.62 0.468123
2.63 0.476531
2.64 0.484843
2.65 0.493136
2.66 0.501238
2.67 0.509294
2.68 0.517272
2.69 0.525231
2.7 0.532921
2.71 0.540664
2.72 0.548224
2.73 0.555733
2.74 0.563221
2.75 0.570492
2.76 0.577785
2.77 0.58509
2.78 0.592215
2.79 0.599239
2.8 0.606367
2.81 0.613243
2.82 0.619971
2.83 0.626783
2.84 0.633703
2.85 0.640481
2.86 0.647181
2.87 0.653862
2.88 0.660429
2.89 0.667023
2.9 0.673562
2.91 0.679983
2.92 0.686562
2.93 0.693002
2.94 0.699221
2.95 0.705503
2.96 0.711788
2.97 0.717999
2.98 0.724292
2.99 0.73051
3.0 0.736643
3.01 0.742776
3.02 0.748739
3.03 0.754767
3.04 0.760654
3.05 0.766559
3.06 0.77239
3.07 0.778153
3.08 0.784013
3.09 0.789669
3.1 0.795245
3.11 0.800782
3.12 0.806189
3.13 0.811579
3.14 0.817035
3.15 0.822252
3.16 0.827468
3.17 0.832546
3.18 0.837733
3.19 0.842724
3.2 0.847768
3.21 0.852627
3.22 0.857417
3.23 0.862176
3.24 0.867003
3.25 0.871707
3.26 0.876293
3.27 0.880879
3.28 0.88538
3.29 0.889832
3.3 0.894043
3.31 0.898195
3.32 0.902452
3.33 0.90658
3.34 0.9105
3.35 0.914431
3.36 0.918302
3.37 0.922019
3.38 0.92582
3.39 0.929607
3.4 0.933163
3.41 0.936499
3.42 0.939792
3.43 0.942953
3.44 0.946071
3.45 0.949106
3.46 0.952017
3.47 0.954798
3.48 0.957552
3.49 0.960207
3.5 0.962644
3.51 0.96529
3.52 0.967672
3.53 0.969882
3.54 0.972119
3.55 0.974183
3.56 0.976017
3.57 0.977753
3.58 0.979466
3.59 0.981091
3.6 0.982577
3.61 0.984071
3.62 0.985272
3.63 0.986556
3.64 0.987677
3.65 0.98883
3.66 0.989794
3.67 0.990774
3.68 0.991569
3.69 0.992465
3.7 0.993257
3.71 0.993978
3.72 0.994692
3.73 0.995217
3.74 0.995782
3.75 0.996282
3.76 0.996731
3.77 0.997199
3.78 0.997577
3.79 0.997893
3.8 0.998201
3.81 0.998445
3.82 0.998692
3.83 0.998883
3.84 0.999042
3.85 0.999181
3.86 0.999358
3.87 0.999473
3.88 0.999553
3.89 0.999616
3.9 0.999662
3.91 0.999742
3.92 0.999781
3.93 0.999825
3.94 0.99985
3.95 0.999883
3.96 0.999898
3.97 0.999925
3.98 0.999941
3.99 0.999953
4.0 0.999961
4.01 0.999969
4.02 0.999975
4.04 0.999981
4.05 0.999985
4.06 0.999991
4.08 0.999995
4.19 1.0
