106
0.0 0.0
1.94 0.0
1.99 0.0
2.0 2e-06
2.01 2e-06
2.02 2e-06
2.03 3e-06
2.04 4e-06
2.05 1e-05
2.06 1.5e-05
2.07 3.3e-05
2.08 5.6e-05
2.09 7.6e-05
2.1 0.000117
2.11 0.000161
2.12 0.000241
2.13 0.000329
2.14 0.000455
2.15 0.00066
2.16 0.000948
2.17 0.001376
2.18 0.001931
2.19 0.002668
2.2 0.003656
2.21 0.004936
2.22 0.006681
2.23 0.008729
2.24 0.011452
2.25 0.014972
2.26 0.019262
2.27 0.024745
2.28 0.031151
2.29 0.039128
2.3 0.048491
2.31 0.059289
2.32 0.071832
2.33 0.08622
2.34 0.102731
2.35 0.121255
2.36 0.141704
2.37 0.164525
2.38 0.189071
2.39 0.215636
2.4 0.243825
2.41 0.272906
2.42 0.303097
2.43 0.334441
2.44 0.366049
2.45 0.397888
2.46 0.430103
2.47 0.461751
2.48 0.493499
2.49 0.525082
2.5 0.5568
2.51 0.588342
2.52 0.619628
2.53 0.650422
2.54 0.681162
2.55 0.710716
2.56 0.738917
2.57 0.765742
2.58 0.791684
2.59 0.815602
2.6 0.837632
2.61 0.858273
2.62 0.877059
2.63 0.894251
2.64 0.909787
2.65 0.92345
2.66 0.935482
2.67 0.945912
2.68 0.954834
2.69 0.962484
2.7 0.969234
2.71 0.974709
2.72 0.979568
2.73 0.983538
2.74 0.986917
2.75 0.989426
2.76 0.991642
2.77 0.993438
2.78 0.994913
2.79 0.996
2.8 0.996875
2.81 0.997515
2.82 0.998127
2.83 0.998512
2.84 0.998877
2.85 0.999134
2.86 0.99929
2.87 0.999477
2.88 0.999585
2.89 0.999686
2.9 0.999771
2.91 0.999845
2.92 0.999886
2.93 0.99992
2.94 0.999933
2.95 0.999943
2.96 0.999958
2.97 0.999971
2.98 0.999988
2.99 0.999995
3.01 1.0
3.03 1.0
3.05 1.0
