1553
0.0 0.0
0.1 0.01631
0.11 0.032619
0.12 0.048929
0.13 0.065238
0.14 0.081548
0.15 0.097857
0.16 0.114167
0.17 0.130476
0.18 0.146786
0.19 0.163095
0.2 0.167518
0.21 0.171941
0.22 0.176363
0.23 0.180786
0.24 0.185208
0.25 0.189631
0.26 0.194054
0.27 0.198476
0.28 0.202899
0.29 0.207321
0.3 0.211755
0.31 0.216188
0.32 0.220621
0.33 0.225055
0.34 0.229488
0.35 0.233921
0.36 0.238354
0.37 0.242788
0.38 0.247221
0.39 0.251654
0.4 0.256155
0.41 0.260656
0.42 0.265157
0.43 0.269658
0.44 0.274159
0.45 0.27866
0.46 0.283161
0.47 0.287662
0.48 0.292163
0.49 0.296664
0.5 0.300517
0.51 0.304371
0.52 0.308225
0.53 0.312079
0.54 0.315932
0.55 0.319786
0.56 0.32364
0.57 0.327493
0.58 0.331347
0.59 0.335201
0.6 0.336152
0.61 0.337104
0.62 0.338055
0.63 0.339006
0.64 0.339958
0.65 0.340909
0.66 0.34186
0.67 0.342812
0.68 0.343763
0.69 0.344715
0.7 0.345718
0.71 0.346722
0.72 0.347726
0.73 0.348729
0.74 0.349733
0.75 0.350736
0.76 0.35174
0.77 0.352744
0.78 0.353747
0.79 0.354751
0.8 0.355614
0.81 0.356478
0.82 0.357341
0.83 0.358204
0.84 0.359067
0.85 0.359931
0.86 0.360794
0.87 0.361657
0.88 0.36252
0.89 0.363384
0.9 0.364248
0.91 0.365112
0.92 0.365977
0.93 0.366841
0.94 0.367706
0.95 0.36857
0.96 0.369435
0.97 0.370299
0.98 0.371163
0.99 0.372028
1.0 0.372915
1.01 0.373802
1.02 0.37469
1.03 0.375577
1.04 0.376464
1.05 0.377352
1.06 0.378239
1.07 0.379126
1.08 0.380014
1.09 0.380901
1.1 0.381735
1.11 0.382568
1.12 0.383402
1.13 0.384236
1.14 0.38507
1.15 0.385903
1.16 0.386737
1.17 0.387571
1.18 0.388405
1.19 0.389238
1.2 0.390115
1.21 0.390992
1.22 0.391869
1.23 0.392746
1.24 0.393624
1.25 0.394501
1.26 0.395378
1.27 0.396255
1.28 0.397132
1.29 0.398009
1.3 0.398789
1.31 0.399569
1.32 0.400349
1.33 0.40113
1.34 0.40191
1.35 0.40269
1.36 0.40347
1.37 0.404251
1.38 0.405031
1.39 0.405811
1.4 0.406601
1.41 0.407391
1.42 0.40818
1.43 0.40897
1.44 0.40976
1.45 0.410549
1.46 0.411339
1.47 0.412129
1.48 0.412918
1.49 0.413708
1.5 0.414454
1.51 0.4152
1.52 0.415946
1.53 0.416692
1.54 0.417438
1.55 0.418184
1.56 0.418931
1.57 0.419677
1.58 0.420423
1.59 0.421169
1.6 0.4219
1.61 0.422631
1.62 0.423362
1.63 0.424094
1.64 0.424825
1.65 0.425556
1.66 0.426287
1.67 0.427018
1.68 0.42775
1.69 0.428481
1.7 0.42922
1.71 0.42996
1.72 0.430699
1.73 0.431439
1.74 0.432178
1.75 0.432917
1.76 0.433657
1.77 0.434396
1.78 0.435136
1.79 0.435875
1.8 0.436607
1.81 0.437339
1.82 0.438071
1.83 0.438803
1.84 0.439534
1.85 0.440266
1.86 0.440998
1.87 0.44173
1.88 0.442462
1.89 0.443193
1.9 0.443919
1.91 0.444644
1.92 0.445369
1.93 0.446095
1.94 0.44682
1.95 0.447545
1.96 0.448271
1.97 0.448996
1.98 0.449721
1.99 0.450446
2.0 0.451132
2.01 0.451817
2.02 0.452503
2.03 0.453188
2.04 0.453874
2.05 0.454559
2.06 0.455245
2.07 0.45593
2.08 0.456616
2.09 0.457301
2.1 0.457965
2.11 0.458628
2.12 0.459292
2.13 0.459955
2.14 0.460619
2.15 0.461282
2.16 0.461946
2.17 0.462609
2.18 0.463273
2.19 0.463936
2.2 0.464603
2.21 0.465269
2.22 0.465936
2.23 0.466602
2.24 0.467269
2.25 0.467935
2.26 0.468602
2.27 0.469268
2.28 0.469935
2.29 0.470602
2.3 0.471268
2.31 0.471935
2.32 0.472602
2.33 0.473269
2.34 0.473936
2.35 0.474603
2.36 0.475269
2.37 0.475936
2.38 0.476603
2.39 0.47727
2.4 0.477925
2.41 0.478581
2.42 0.479236
2.43 0.479892
2.44 0.480547
2.45 0.481203
2.46 0.481858
2.47 0.482514
2.48 0.483169
2.49 0.483825
2.5 0.484447
2.51 0.485069
2.52 0.485692
2.53 0.486314
2.54 0.486936
2.55 0.487559
2.56 0.488181
2.57 0.488803
2.58 0.489426
2.59 0.490048
2.6 0.49065
2.61 0.491252
2.62 0.491853
2.63 0.492455
2.64 0.493057
2.65 0.493659
2.66 0.494261
2.67 0.494863
2.68 0.495464
2.69 0.496066
2.7 0.496699
2.71 0.497331
2.72 0.497963
2.73 0.498595
2.74 0.499227
2.75 0.49986
2.76 0.500492
2.77 0.501124
2.78 0.501756
2.79 0.502389
2.8 0.503011
2.81 0.503633
2.82 0.504255
2.83 0.504877
2.84 0.505499
2.85 0.506122
2.86 0.506744
2.87 0.507366
2.88 0.507988
2.89 0.50861
2.9 0.509224
2.91 0.509838
2.92 0.510452
2.93 0.511065
2.94 0.511679
2.95 0.512293
2.96 0.512907
2.97 0.51352
2.98 0.514134
2.99 0.514748
3.0 0.515376
3.01 0.516004
3.02 0.516632
3.03 0.51726
3.04 0.517888
3.05 0.518516
3.06 0.519144
3.07 0.519772
3.08 0.5204
3.09 0.521028
3.1 0.521053
3.11 0.521078
3.12 0.521103
3.13 0.521128
3.14 0.521153
3.15 0.521179
3.16 0.521204
3.17 0.521229
3.18 0.521254
3.19 0.521279
3.2 0.521303
3.21 0.521326
3.22 0.52135
3.23 0.521374
3.24 0.521397
3.25 0.521421
3.26 0.521445
3.27 0.521468
3.28 0.521492
3.29 0.521516
3.3 0.521538
3.31 0.521561
3.32 0.521583
3.33 0.521605
3.34 0.521628
3.35 0.52165
3.36 0.521673
3.37 0.521695
3.38 0.521718
3.39 0.52174
3.4 0.521762
3.41 0.521783
3.42 0.521804
3.43 0.521826
3.44 0.521847
3.45 0.521868
3.46 0.52189
3.47 0.521911
3.48 0.521932
3.49 0.521954
3.5 0.521974
3.51 0.521994
3.52 0.522015
3.53 0.522035
3.54 0.522055
3.55 0.522075
3.56 0.522096
3.57 0.522116
3.58 0.522136
3.59 0.522156
3.6 0.522176
3.61 0.522196
3.62 0.522216
3.63 0.522236
3.64 0.522256
3.65 0.522276
3.66 0.522296
3.67 0.522317
3.68 0.522337
3.69 0.522357
3.7 0.522375
3.71 0.522393
3.72 0.522411
3.73 0.522429
3.74 0.522448
3.75 0.522466
3.76 0.522484
3.77 0.522502
3.78 0.52252
3.79 0.522539
3.8 0.522556
3.81 0.522574
3.82 0.522591
3.83 0.522609
3.84 0.522627
3.85 0.522644
3.86 0.522662
3.87 0.522679
3.88 0.522697
3.89 0.522714
3.9 0.522731
3.91 0.522748
3.92 0.522764
3.93 0.522781
3.94 0.522798
3.95 0.522815
3.96 0.522831
3.97 0.522848
3.98 0.522865
3.99 0.522881
4.0 0.522897
4.01 0.522912
4.02 0.522928
4.03 0.522944
4.04 0.522959
4.05 0.522975
4.06 0.52299
4.07 0.523006
4.08 0.523021
4.09 0.523037
4.1 0.523051
4.11 0.523066
4.12 0.52308
4.13 0.523095
4.14 0.523109
4.15 0.523124
4.16 0.523138
4.17 0.523153
4.18 0.523168
4.19 0.523182
4.2 0.523197
4.21 0.523212
4.22 0.523228
4.23 0.523243
4.24 0.523258
4.25 0.523273
4.26 0.523288
4.27 0.523304
4.28 0.523319
4.29 0.523334
4.3 0.523349
4.31 0.523365
4.32 0.52338
4.33 0.523396
4.34 0.523411
4.35 0.523426
4.36 0.523442
4.37 0.523457
4.38 0.523473
4.39 0.523488
4.4 0.523503
4.41 0.523518
4.42 0.523533
4.43 0.523548
4.44 0.523564
4.45 0.523579
4.46 0.523594
4.47 0.523609
4.48 0.523624
4.49 0.523639
4.5 0.523653
4.51 0.523667
4.52 0.523682
4.53 0.523696
4.54 0.52371
4.55 0.523724
4.56 0.523738
4.57 0.523752
4.58 0.523766
4.59 0.523781
4.6 0.523794
4.61 0.523807
4.62 0.523821
4.63 0.523834
4.64 0.523847
4.65 0.52386
4.66 0.523874
4.67 0.523887
4.68 0.5239
4.69 0.523914
4.7 0.523926
4.71 0.523939
4.72 0.523951
4.73 0.523964
4.74 0.523976
4.75 0.523989
4.76 0.524001
4.77 0.524014
4.78 0.524026
4.79 0.524039
4.8 0.524051
4.81 0.524062
4.82 0.524074
4.83 0.524086
4.84 0.524098
4.85 0.52411
4.86 0.524122
4.87 0.524133
4.88 0.524145
4.89 0.524157
4.9 0.524168
4.91 0.524179
4.92 0.52419
4.93 0.524201
4.94 0.524212
4.95 0.524223
4.96 0.524234
4.97 0.524245
4.98 0.524257
4.99 0.524268
5.0 0.524278
5.01 0.524289
5.02 0.5243
5.03 0.52431
5.04 0.524321
5.05 0.524332
5.06 0.524342
5.07 0.524353
5.08 0.524363
5.09 0.524374
5.1 0.524384
5.11 0.524394
5.12 0.524404
5.13 0.524414
5.14 0.524425
5.15 0.524435
5.16 0.524445
5.17 0.524455
5.18 0.524465
5.19 0.524475
5.2 0.524484
5.21 0.524494
5.22 0.524503
5.23 0.524512
5.24 0.524522
5.25 0.524531
5.26 0.524541
5.27 0.52455
5.28 0.524559
5.29 0.524569
5.3 0.524578
5.31 0.524587
5.32 0.524597
5.33 0.524606
5.34 0.524615
5.35 0.524625
5.36 0.524634
5.37 0.524644
5.38 0.524653
5.39 0.524662
5.4 0.524671
5.41 0.52468
5.42 0.524689
5.43 0.524697
5.44 0.524706
5.45 0.524715
5.46 0.524724
5.47 0.524732
5.48 0.524741
5.49 0.52475
5.5 0.524758
5.51 0.524766
5.52 0.524774
5.53 0.524782
5.54 0.52479
5.55 0.524798
5.56 0.524806
5.57 0.524814
5.58 0.524822
5.59 0.52483
5.6 0.524838
5.61 0.524846
5.62 0.524854
5.63 0.524862
5.64 0.524869
5.65 0.524877
5.66 0.524885
5.67 0.524893
5.68 0.524901
5.69 0.524908
5.7 0.524915
5.71 0.524923
5.72 0.52493
5.73 0.524937
5.74 0.524944
5.75 0.524951
5.76 0.524958
5.77 0.524965
5.78 0.524972
5.79 0.524979
5.8 0.524986
5.81 0.524993
5.82 0.525
5.83 0.525006
5.84 0.525013
5.85 0.52502
5.86 0.525027
5.87 0.525034
5.88 0.52504
5.89 0.525047
5.9 0.525054
5.91 0.52506
5.92 0.525067
5.93 0.525074
5.94 0.52508
5.95 0.525087
5.96 0.525094
5.97 0.5251
5.98 0.525107
5.99 0.525114
6.0 0.52512
6.01 0.525127
6.02 0.525133
6.03 0.525139
6.04 0.525146
6.05 0.525152
6.06 0.525159
6.07 0.525165
6.08 0.525171
6.09 0.525178
6.1 0.525184
6.11 0.52519
6.12 0.525196
6.13 0.525202
6.14 0.525208
6.15 0.525214
6.16 0.52522
6.17 0.525226
6.18 0.525232
6.19 0.525238
6.2 0.525245
6.21 0.525251
6.22 0.525257
6.23 0.525263
6.24 0.525269
6.25 0.525275
6.26 0.525281
6.27 0.525287
6.28 0.525293
6.29 0.525299
6.3 0.525304
6.31 0.52531
6.32 0.525316
6.33 0.525322
6.34 0.525328
6.35 0.525334
6.36 0.525339
6.37 0.525345
6.38 0.525351
6.39 0.525357
6.4 0.525363
6.41 0.525368
6.42 0.525374
6.43 0.52538
6.44 0.525386
6.45 0.525391
6.46 0.525397
6.47 0.525403
6.48 0.525409
6.49 0.525414
6.5 0.52542
6.51 0.525425
6.52 0.52543
6.53 0.525435
6.54 0.52544
6.55 0.525445
6.56 0.525451
6.57 0.525456
6.58 0.525461
6.59 0.525466
6.6 0.525471
6.61 0.525477
6.62 0.525482
6.63 0.525487
6.64 0.525492
6.65 0.525497
6.66 0.525503
6.67 0.525508
6.68 0.525513
6.69 0.525518
6.7 0.525523
6.71 0.525528
6.72 0.525533
6.73 0.525538
6.74 0.525544
6.75 0.525549
6.76 0.525554
6.77 0.525559
6.78 0.525564
6.79 0.525569
6.8 0.525574
6.81 0.525579
6.82 0.525584
6.83 0.525589
6.84 0.525594
6.85 0.525599
6.86 0.525604
6.87 0.525609
6.88 0.525614
6.89 0.525619
6.9 0.525624
6.91 0.525629
6.92 0.525634
6.93 0.525639
6.94 0.525644
6.95 0.525649
6.96 0.525654
6.97 0.525659
6.98 0.525665
6.99 0.52567
7.0 0.525675
7.01 0.52568
7.02 0.525685
7.03 0.52569
7.04 0.525695
7.05 0.5257
7.06 0.525705
7.07 0.52571
7.08 0.525715
7.09 0.52572
7.1 0.525725
7.11 0.52573
7.12 0.525735
7.13 0.525741
7.14 0.525746
7.15 0.525751
7.16 0.525756
7.17 0.525762
7.18 0.525767
7.19 0.525772
7.2 0.525777
7.21 0.525782
7.22 0.525788
7.23 0.525793
7.24 0.525798
7.25 0.525803
7.26 0.525808
7.27 0.525814
7.28 0.525819
7.29 0.525824
7.3 0.52583
7.31 0.525836
7.32 0.525842
7.33 0.525848
7.34 0.525854
7.35 0.52586
7.36 0.525866
7.37 0.525872
7.38 0.525877
7.39 0.525883
7.4 0.525889
7.41 0.525896
7.42 0.525902
7.43 0.525908
7.44 0.525914
7.45 0.52592
7.46 0.525926
7.47 0.525932
7.48 0.525938
7.49 0.525944
7.5 0.52595
7.51 0.525957
7.52 0.525963
7.53 0.525969
7.54 0.525976
7.55 0.525982
7.56 0.525988
7.57 0.525995
7.58 0.526001
7.59 0.526007
7.6 0.526014
7.61 0.52602
7.62 0.526027
7.63 0.526033
7.64 0.526039
7.65 0.526046
7.66 0.526052
7.67 0.526059
7.68 0.526065
7.69 0.526071
7.7 0.526078
7.71 0.526085
7.72 0.526093
7.73 0.5261
7.74 0.526107
7.75 0.526114
7.76 0.526121
7.77 0.526128
7.78 0.526135
7.79 0.526142
7.8 0.526149
7.81 0.526157
7.82 0.526165
7.83 0.526172
7.84 0.52618
7.85 0.526188
7.86 0.526196
7.87 0.526203
7.88 0.526211
7.89 0.526219
7.9 0.526225
7.91 0.526232
7.92 0.526239
7.93 0.526246
7.94 0.526253
7.95 0.52626
7.96 0.526267
7.97 0.526274
7.98 0.526281
7.99 0.526288
8.0 0.526294
8.01 0.5263
8.02 0.526306
8.03 0.526312
8.04 0.526318
8.05 0.526324
8.06 0.52633
8.07 0.526336
8.08 0.526342
8.09 0.526348
8.1 0.526353
8.11 0.526359
8.12 0.526364
8.13 0.52637
8.14 0.526376
8.15 0.526381
8.16 0.526387
8.17 0.526392
8.18 0.526398
8.19 0.526403
8.2 0.526408
8.21 0.526413
8.22 0.526418
8.23 0.526424
8.24 0.526429
8.25 0.526434
8.26 0.526439
8.27 0.526444
8.28 0.526449
8.29 0.526454
8.3 0.526459
8.31 0.526464
8.32 0.526469
8.33 0.526474
8.34 0.526479
8.35 0.526484
8.36 0.526489
8.37 0.526494
8.38 0.526499
8.39 0.526504
8.4 0.526508
8.41 0.526512
8.42 0.526517
8.43 0.526521
8.44 0.526526
8.45 0.52653
8.46 0.526535
8.47 0.526539
8.48 0.526544
8.49 0.526548
8.5 0.526552
8.51 0.526557
8.52 0.526561
8.53 0.526565
8.54 0.52657
8.55 0.526574
8.56 0.526579
8.57 0.526583
8.58 0.526587
8.59 0.526592
8.6 0.526596
8.61 0.5266
8.62 0.526604
8.63 0.526608
8.64 0.526612
8.65 0.526617
8.66 0.526621
8.67 0.526625
8.68 0.526629
8.69 0.526633
8.7 0.526637
8.71 0.526641
8.72 0.526645
8.73 0.526649
8.74 0.526653
8.75 0.526657
8.76 0.526661
8.77 0.526665
8.78 0.526669
8.79 0.526673
8.8 0.526677
8.81 0.526681
8.82 0.526684
8.83 0.526688
8.84 0.526692
8.85 0.526696
8.86 0.526699
8.87 0.526703
8.88 0.526707
8.89 0.526711
8.9 0.526714
8.91 0.526718
8.92 0.526721
8.93 0.526725
8.94 0.526729
8.95 0.526732
8.96 0.526736
8.97 0.526739
8.98 0.526743
8.99 0.526746
9.0 0.52675
9.01 0.526753
9.02 0.526756
9.03 0.52676
9.04 0.526763
9.05 0.526766
9.06 0.526769
9.07 0.526773
9.08 0.526776
9.09 0.526779
9.1 0.526782
9.11 0.526786
9.12 0.526789
9.13 0.526792
9.14 0.526795
9.15 0.526798
9.16 0.526801
9.17 0.526805
9.18 0.526808
9.19 0.526811
9.2 0.526814
9.21 0.526816
9.22 0.526819
9.23 0.526822
9.24 0.526825
9.25 0.526827
9.26 0.52683
9.27 0.526833
9.28 0.526836
9.29 0.526838
9.3 0.526841
9.31 0.526843
9.32 0.526846
9.33 0.526848
9.34 0.526851
9.35 0.526853
9.36 0.526856
9.37 0.526858
9.38 0.526861
9.39 0.526864
9.4 0.526866
9.41 0.526868
9.42 0.52687
9.43 0.526872
9.44 0.526875
9.45 0.526877
9.46 0.526879
9.47 0.526881
9.48 0.526883
9.49 0.526885
9.5 0.526888
9.51 0.52689
9.52 0.526892
9.53 0.526894
9.54 0.526896
9.55 0.526898
9.56 0.5269
9.57 0.526902
9.58 0.526904
9.59 0.526906
9.6 0.526908
9.61 0.52691
9.62 0.526912
9.63 0.526914
9.64 0.526916
9.65 0.526918
9.66 0.52692
9.67 0.526922
9.68 0.526924
9.69 0.526926
9.7 0.526928
9.71 0.52693
9.72 0.526932
9.73 0.526934
9.74 0.526936
9.75 0.526938
9.76 0.52694
9.77 0.526942
9.78 0.526944
9.79 0.526946
9.8 0.526948
9.81 0.52695
9.82 0.526952
9.83 0.526954
9.84 0.526956
9.85 0.526958
9.86 0.52696
9.87 0.526963
9.88 0.526965
9.89 0.526967
9.9 0.526969
9.91 0.526971
9.92 0.526973
9.93 0.526975
9.94 0.526977
9.95 0.526979
9.96 0.526981
9.97 0.526983
9.98 0.526985
9.99 0.526987
10.0 0.526989
10.01 0.526991
10.02 0.526993
10.03 0.526995
10.04 0.526997
10.05 0.527
10.06 0.527002
10.07 0.527004
10.08 0.527006
10.09 0.527008
10.1 0.52701
10.11 0.527012
10.12 0.527014
10.13 0.527017
10.14 0.527019
10.15 0.527021
10.16 0.527023
10.17 0.527026
10.18 0.527028
10.19 0.52703
10.2 0.527032
10.21 0.527034
10.22 0.527036
10.23 0.527038
10.24 0.52704
10.25 0.527042
10.26 0.527045
10.27 0.527047
10.28 0.527049
10.29 0.527051
10.3 0.527053
10.31 0.527055
10.32 0.527057
10.33 0.52706
10.34 0.527062
10.35 0.527064
10.36 0.527066
10.37 0.527069
10.38 0.527071
10.39 0.527073
10.4 0.527075
10.41 0.527077
10.42 0.52708
10.43 0.527082
10.44 0.527084
10.45 0.527086
10.46 0.527089
10.47 0.527091
10.48 0.527093
10.49 0.527095
10.5 0.527097
10.51 0.527099
10.52 0.527101
10.53 0.527103
10.54 0.527105
10.55 0.527107
10.56 0.527109
10.57 0.527112
10.58 0.527114
10.59 0.527116
10.6 0.527117
10.61 0.527119
10.62 0.527121
10.63 0.527122
10.64 0.527124
10.65 0.527126
10.66 0.527128
10.67 0.527129
10.68 0.527131
10.69 0.527133
10.7 0.527135
10.71 0.527137
10.72 0.527139
10.73 0.52714
10.74 0.527142
10.75 0.527144
10.76 0.527146
10.77 0.527148
10.78 0.52715
10.79 0.527152
10.8 0.527153
10.81 0.527155
10.82 0.527157
10.83 0.527159
10.84 0.52716
10.85 0.527162
10.86 0.527164
10.87 0.527166
10.88 0.527168
10.89 0.527169
10.9 0.527171
10.91 0.527173
10.92 0.527174
10.93 0.527176
10.94 0.527178
10.95 0.527179
10.96 0.527181
10.97 0.527183
10.98 0.527184
10.99 0.527186
11.0 0.527188
11.01 0.527189
11.02 0.527191
11.03 0.527192
11.04 0.527194
11.05 0.527195
11.06 0.527197
11.07 0.527199
11.08 0.5272
11.09 0.527202
11.1 0.527204
11.11 0.527205
11.12 0.527207
11.13 0.527209
11.14 0.527211
11.15 0.527212
11.16 0.527214
11.17 0.527216
11.18 0.527218
11.19 0.527219
11.2 0.527221
11.21 0.527223
11.22 0.527225
11.23 0.527226
11.24 0.527228
11.25 0.52723
11.26 0.527232
11.27 0.527233
11.28 0.527235
11.29 0.527237
11.3 0.527239
11.31 0.527241
11.32 0.527243
11.33 0.527244
11.34 0.527246
11.35 0.527248
11.36 0.52725
11.37 0.527252
11.38 0.527254
11.39 0.527256
11.4 0.527257
11.41 0.527259
11.42 0.527261
11.43 0.527263
11.44 0.527265
11.45 0.527266
11.46 0.527268
11.47 0.52727
11.48 0.527272
11.49 0.527274
11.5 0.527275
11.51 0.527277
11.52 0.527279
11.53 0.527281
11.54 0.527282
11.55 0.527284
11.56 0.527286
11.57 0.527287
11.58 0.527289
11.59 0.527291
11.6 0.527293
11.61 0.527294
11.62 0.527296
11.63 0.527298
11.64 0.527299
11.65 0.527301
11.66 0.527302
11.67 0.527304
11.68 0.527306
11.69 0.527307
11.7 0.527309
11.71 0.527311
11.72 0.527312
11.73 0.527314
11.74 0.527316
11.75 0.527317
11.76 0.527319
11.77 0.527321
11.78 0.527322
11.79 0.527324
11.8 0.527326
11.81 0.527329
11.82 0.527331
11.83 0.527334
11.84 0.527336
11.85 0.527338
11.86 0.527341
11.87 0.527343
11.88 0.527345
11.89 0.527348
11.9 0.52735
11.91 0.527353
11.92 0.527356
11.93 0.527359
11.94 0.527362
11.95 0.527365
11.96 0.527367
11.97 0.52737
11.98 0.527373
11.99 0.527376
12.0 0.527379
12.01 0.527382
12.02 0.527385
12.03 0.527388
12.04 0.527391
12.05 0.527395
12.06 0.527398
12.07 0.527401
12.08 0.527404
12.09 0.527407
12.1 0.527411
12.11 0.527414
12.12 0.527418
12.13 0.527421
12.14 0.527425
12.15 0.527429
12.16 0.527432
12.17 0.527436
12.18 0.527439
12.19 0.527443
12.2 0.527447
12.21 0.52745
12.22 0.527454
12.23 0.527458
12.24 0.527462
12.25 0.527466
12.26 0.527469
12.27 0.527473
12.28 0.527477
12.29 0.527481
12.3 0.527485
12.31 0.527489
12.32 0.527493
12.33 0.527497
12.34 0.527501
12.35 0.527505
12.36 0.527509
12.37 0.527513
12.38 0.527517
12.39 0.527521
12.4 0.527525
12.41 0.52753
12.42 0.527534
12.43 0.527539
12.44 0.527543
12.45 0.527548
12.46 0.527552
12.47 0.527557
12.48 0.527561
12.49 0.527566
12.5 0.527572
12.51 0.527578
12.52 0.527584
12.53 0.52759
12.54 0.527596
12.55 0.527602
12.56 0.527608
12.57 0.527614
12.58 0.52762
12.59 0.527626
12.6 0.527635
12.61 0.527643
12.62 0.527652
12.63 0.52766
12.64 0.527669
12.65 0.527677
12.66 0.527686
12.67 0.527694
12.68 0.527703
12.69 0.527711
12.7 0.527725
12.71 0.527739
12.72 0.527753
12.73 0.527766
12.74 0.52778
12.75 0.527794
12.76 0.527808
12.77 0.527822
12.78 0.527836
12.79 0.52785
12.8 0.527864
12.81 0.527878
12.82 0.527892
12.83 0.527907
12.84 0.527921
12.85 0.527935
12.86 0.527949
12.87 0.527964
12.88 0.527978
12.89 0.527992
12.9 0.528007
12.91 0.528022
12.92 0.528037
12.93 0.528052
12.94 0.528067
12.95 0.528082
12.96 0.528097
12.97 0.528112
12.98 0.528127
12.99 0.528142
13.0 0.528158
13.01 0.528175
13.02 0.528191
13.03 0.528208
13.04 0.528224
13.05 0.528241
13.06 0.528257
13.07 0.528274
13.08 0.52829
13.09 0.528307
13.1 0.528382
13.11 0.528465
13.12 0.528555
13.13 0.528653
13.14 0.528759
13.15 0.528874
13.16 0.528999
13.17 0.529135
13.18 0.529281
13.19 0.52944
13.2 0.529611
13.21 0.529796
13.22 0.529996
13.23 0.530211
13.24 0.530442
13.25 0.530692
13.26 0.53096
13.27 0.531248
13.28 0.531557
13.29 0.531888
13.3 0.532243
13.31 0.532623
13.32 0.53303
13.33 0.533464
13.34 0.533928
13.35 0.534423
13.36 0.534951
13.37 0.535513
13.38 0.536111
13.39 0.536747
13.4 0.537422
13.41 0.538139
13.42 0.5389
13.43 0.539705
13.44 0.540558
13.45 0.54146
13.46 0.542414
13.47 0.54342
13.48 0.544483
13.49 0.545602
13.5 0.546782
13.51 0.548023
13.52 0.549328
13.53 0.550698
13.54 0.552137
13.55 0.553646
13.56 0.555227
13.57 0.556883
13.58 0.558614
13.59 0.560424
13.6 0.562314
13.61 0.564286
13.62 0.566341
13.63 0.568482
13.64 0.57071
13.65 0.573027
13.66 0.575433
13.67 0.577932
13.68 0.580522
13.69 0.583207
13.7 0.585987
13.71 0.588862
13.72 0.591834
13.73 0.594903
13.74 0.598069
13.75 0.601334
13.76 0.604696
13.77 0.608156
13.78 0.611715
13.79 0.61537
13.8 0.619122
13.81 0.622971
13.82 0.626915
13.83 0.630952
13.84 0.635083
13.85 0.639305
13.86 0.643616
13.87 0.648015
13.88 0.6525
13.89 0.657069
13.9 0.661718
13.91 0.666446
13.92 0.671249
13.93 0.676125
13.94 0.68107
13.95 0.686082
13.96 0.691156
13.97 0.69629
13.98 0.701478
13.99 0.706718
14.0 0.712006
14.01 0.717336
14.02 0.722706
14.03 0.72811
14.04 0.733545
14.05 0.739005
14.06 0.744486
14.07 0.749984
14.08 0.755494
14.09 0.76101
14.1 0.76653
14.11 0.772046
14.12 0.777556
14.13 0.783054
14.14 0.788535
14.15 0.793995
14.16 0.79943
14.17 0.804834
14.18 0.810204
14.19 0.815534
14.2 0.820822
14.21 0.826062
14.22 0.83125
14.23 0.836384
14.24 0.841458
14.25 0.84647
14.26 0.851415
14.27 0.856291
14.28 0.861094
14.29 0.865822
14.3 0.870471
14.31 0.87504
14.32 0.879525
14.33 0.883924
14.34 0.888235
14.35 0.892457
14.36 0.896588
14.37 0.900625
14.38 0.904569
14.39 0.908418
14.4 0.91217
14.41 0.915825
14.42 0.919384
14.43 0.922844
14.44 0.926206
14.45 0.929471
14.46 0.932637
14.47 0.935706
14.48 0.938678
14.49 0.941553
14.5 0.944333
14.51 0.947018
14.52 0.949608
14.53 0.952107
14.54 0.954513
14.55 0.95683
14.56 0.959058
14.57 0.961199
14.58 0.963254
14.59 0.965226
14.6 0.967116
14.61 0.968926
14.62 0.970657
14.63 0.972313
14.64 0.973894
14.65 0.975403
14.66 0.976842
14.67 0.978212
14.68 0.979517
14.69 0.980758
14.7 0.981938
14.71 0.983057
14.72 0.98412
14.73 0.985126
14.74 0.98608
14.75 0.986982
14.76 0.987835
14.77 0.98864
14.78 0.989401
14.79 0.990118
14.8 0.990793
14.81 0.991429
14.82 0.992027
14.83 0.992589
14.84 0.993117
14.85 0.993612
14.86 0.994076
14.87 0.99451
14.88 0.994917
14.89 0.995297
14.9 0.995652
14.91 0.995983
14.92 0.996292
14.93 0.99658
14.94 0.996848
14.95 0.997098
14.96 0.997329
14.97 0.997544
14.98 0.997744
14.99 0.997929
15.0 0.9981
15.01 0.998259
15.02 0.998405
15.03 0.998541
15.04 0.998666
15.05 0.998781
15.06 0.998887
15.07 0.998985
15.08 0.999075
15.09 0.999158
15.1 0.999233
15.11 0.999303
15.12 0.999367
15.13 0.999425
15.14 0.999479
15.15 0.999528
15.16 0.999572
15.17 0.999613
15.18 0.99965
15.19 0.999684
15.2 0.999715
15.21 0.999743
15.22 0.999769
15.23 0.999792
15.24 0.999813
15.25 0.999832
15.26 0.999849
15.27 0.999865
15.28 0.999879
15.29 0.999891
15.3 0.999903
15.31 0.999913
15.32 0.999923
15.33 0.999931
15.34 0.999939
15.35 0.999946
15.36 0.999952
15.37 0.999957
15.38 0.999962
15.39 0.999966
15.4 0.99997
15.41 0.999974
15.42 0.999977
15.43 0.99998
15.44 0.999982
15.45 0.999985
15.46 0.999987
15.47 0.999988
15.48 0.99999
15.49 0.999991
15.5 0.999993
15.51 0.999994
15.52 0.999995
15.53 0.999995
15.54 0.999996
15.55 0.999997
15.56 0.999998
15.57 0.999998
15.58 0.999998
15.59 0.999999
15.6 0.999999
15.61 1.0